RPT_ID|ACCOUNTS_PAYABLE_START|ACCOUNTS_PAYABLE_END|LOANS_PAYABLE_START|LOANS_PAYABLE_END|MORTGAGE_PAYABLE_START|MORTGAGE_PAYABLE_END|OTHER_LIABILITIES_START|OTHER_LIABILITIES_END|TOTAL_START
754117|0|0|0|0|0|0|0|0|
785409|0|0|0|0|0|0|0|0|
783261|144|50|0|0|0|0|2595|0|
783072|2086292|1896031|4708369|4708369|0|0|4002326|4040861|
756415|0|0|0|0|0|0|0|0|
756328|0|0|0|0|0|0|1710|0|
787028|0|0|0|0|0|0|0|0|
768509|0|0|0|0|0|0|0|0|
768506|0|0|0|0|0|0|0|0|
770791|0|0|0|0|0|0|0|0|
780874||0|0||0|0|||
777768|0|0|0|0|0|0|0|0|
780847|14286|0|||0|0|2014|1001|
778015|0|0|0|0|0|0|0|0|
776419|0|0|0|0|0|0|0|0|
777750|0|0|0|212463|0|0|163620|13227|
784402|0|0|0|0|0|0|0|0|
782825|8521|36100|0|82040|0|0|6000|0|
777722|||||2294271|4487400|562076|550285|
782914|0|0|0|18033|0|0|561|568|
773958|||||0|0|||
777677|0|0|0|0|0|0|0|0|
781984|0||0||0|0|2692|2331|
782155|56075|58759|||0|0|544|486|
782222|0|0|0|0|0|0|0|0|
777906|39071|38485|0|0|0|0|||
783036|62252|59575|||0|0|1470||
782148|77696|84944|||0|0||3232|
777847|57211|60324|||0|0|2935|4497|
773450|0|0|0|0|0|0|0|0|
780869|0|0|||0|0|811|865|
782537|0|0|0|0|0|0|1783|3987|
782895||49017||41023|0|0|1044|3436|
778111|0|0|0|0|0|0|0|0|
773849|7360|0|0|0|0|0|0|0|
756287|0|0|0|0|0|0|0|0|
782930|||||0|0|15481|1125|
782547|2862|3129|0|0|0|0|0|0|
783285|14136|14865|||0|0|534160|434700|
780863|0|0|0||0|0|0||
785357|54|0|0|0|0|0|2349|0|
785210|0|0|0|0|0|0|0|0|
773970|0|0|0|0|0|0|0|0|
785174|0|0|0|0|0|0|0|0|
777695|0||||0|0||96014|
783020|0||1684783|1161658|0|0|0||
783247|0|0|0|0|0|0|0|0|
776425|0|0|0|0|0|0|0|0|
768545|0|0|0|6509|0|0|0|0|
782794|0|0|0|0|0|0|0|0|
768455|0|0|0|0|0|0|0|0|
783110|0|0|0|0|0|0|0|0|
780730|0|0|0|0|0|0|0|0|
785415|21234|52703|||0|0|25025|20658|
777298|0|0|0|0|0|0|215|0|
777558|0|0|0|0|0|0|0|0|
782385|0|0|0|0|0|0|0|0|
780696|0|0|0|0|0|0|0|0|
779380|251836|262435|0|0|0|0|0|0|
780860|0|0|0|0|0|0|3928|4622|
780609|0|0|0|0|0|0|0|0|
783043|0|0|0|0|0|0|0|0|
779311|0|0|0|0|0|0|0|0|
756232||0|||0|0|||
782647|90381|70718|||0|0|||
786985|0|0|0|0|0|0|0|0|
785622|0|0|0|0|0|0|0|0|
780710|30997|28668|149900|150465|0|0|4929|1793|
783018|||0||0|0|106846|215210|
765209|0|150|0|0|0|0|0|0|
779334|0|0|0|0|0|0|0|0|
785305|816|896|0|0|0|0|0|0|
784490|0|0|0|0|0|0|0|0|
754470|0|0|0|0|0|0|0|0|
782450|0|0|0|0|0|0|995|5494|
782565|0|0|0|0|0|0|0|995|
782752|559515|2922333|0|0|0|0|75297957|71989808|
782631|18952|17910|||0|0|||
782060|0|0|0|0|0|0|0|0|
756452|2411|2941|0|0|0|0|0|0|
755020|0|0|0|0|0|0|1778|1779|
739254|0|0|0|0|0|0|0|0|
766123|0|0|0|0|0|0|4246|8890|
768398|0|0|0|0|0|0|0|0|
778054|915|8090|||0|0|||
783122|0|0|0||0|0|2518|2221|
782224|0|0|0|0|0|0|0|48|
768396|0|0|0|0|0|0|0|0|
776580|0|0|0|0|0|0|0|0|
756239|0|0|0|0|0|0|0|0|
755992|0|0|0|0|0|0|0|0|
755838|0|0|0|0|0|0|0|0|
782700|0|0|0|0|0|0|1547|1431|
770873|0|0|0|0|0|0|0|0|
767136|0|0|0|0|0|0|0|0|
768463|0|0|0|0|0|0|0|0|
773400|0|0|0|0|0|0|0|0|
766238|0|0|0|0|0|0|0|0|
777613|3000|0|0|0|0|0|0|0|
783229|0|0|0|0|0|0|0|0|
768524|0|0|0|0|0|0|0|0|
783156|0|0|0|0|0|0|0|0|
766126|0|0|0|0|0|0|0|0|
777819|0|0|0|0|0|0|0|0|
770837|0|0|0|0|0|0|0|0|
756074|0|0|0|0|0|0|0|0|
773490|0|0|0|0|0|0|227|226|
766170|0|0|0|0|0|0|0|0|
755114|0|0|0|0|0|0|0|0|
754425|0|0|0|0|0|0|0|0|
754956|20314|0|0|0|0|0|0|0|
766212|0|1081|0|0|0|0|3844|3557|
783170|0|222|0|0|0|0|0|0|
777940|0|0|0|0|0|0|0|0|
768415|0|0|0|0|0|0|0|0|
756470|6096|7015|0|0|0|0|0|0|
777864|0|0|0|0|0|0|851|585|
778058|0|0|0|0|0|0|0|0|
755880|0|0|0|0|0|0|0|0|
766162|0|0|0|0|0|0|119|119|
782996|0|0|0|0|0|0|11114|11970|
766015|0|0|0|0|0|0|0|0|
782686|276||||0|0|||
773418|0|0|0|0|0|0|0|0|
785410|0|0|0|0|0|0|0|0|
782447|0|0|0|0|0|0|0|0|
785503|0|0|0|0|0|0|0|0|
757302|0|0|0|0|0|0|0|0|
777371|0|0|0|0|0|0|0|0|
755779|0|0|0|0|0|0|0|0|
783143|0|0|0|0|0|0|0|0|
773832|0|0|0|0|0|0|0|0|
779351|0|0|0|0|0|0|0|0|
782428|0|0|0|0|0|0|0|0|
756424|0|0|0|0|0|0|0|0|
766273|0|0|0|0|0|0|0|0|
783146|0|0|0|0|0|0|0|0|
755383|0|0|0|0|0|0|0|0|
766211|0|0|0|0|0|0|0|0|
773515|0|0|0|0|0|0|0|0|
756490|0|0|0|0|0|0|0|0|
769026|0|0|0|0|0|0|0|0|
746535|0|0|0|0|0|0|0|0|
757312|0|0|0|0|0|0|0|0|
782881|47335|16442|0|0|1400920|2476624|2012395|2414815|
756181|||||0|0|||
782486|0||||0|0|34|2840|
777841|0|0|0|0|0|0|46|1381|
782317|0|0|0|0|0|0|2924|4848|
785344|0|0|0|0|0|0|0|0|
782227|497836|559374|0|0|0|0|0|0|
782391|461|183|0|0|0|0|0|0|
783092||||||0|||
777254|0|0|0|0|0|0|128|86|
783063|0|1995|0|0|0|0|0|0|
782390||0||0|0|0|3894|1523|
782414|0|0|0||0|0|5683|13466|
782751|0|0|0|0|0|0|0|0|
776555|0|0|0|0|0|0|0|0|
780547|||||0|0|0||
781998|||||0|0|||
782406|0|0|0|0|0|0|7162|30590|
782477|0|0|0|0|0|0|1410|1576|
780681|0|0|0|0|0|0|514|4211|
777733|0|0|0|0|0|0|0|0|
782728|1027|1777|0|0|0|0|0|0|
780827|329|||0|0|0|4397|5311|
777779|0|0|0|0|0|0|0|0|
782615|0||0||0|0|8816|9400|
782324||0||0|0|0|4471|5477|
782088|0|0|0|0|0|0|294|612|
778067|0|0|0|0|0|0|165|491|
777994|0|0|0|0|0|0|1556|1749|
780720|0|0|0|0|0|0|753|1334|
782228|0||0||0|0|12968|8424|
783294|0|0|0|0|0|0|0|0|
780679|0|0|0|0|0|0|896|847|
773494|5606|4725||0|0|0|||
776437||0||0|0|0||0|
782415|0||0||0|0|1516|3271|
782598|||||0|0|4877|5873|
782932|0|0|0|0|0|0|1728|1503|
780830|0|0|0|0|0|0|179|279|
778028|0||0||0|0|4216|5353|
777993|458|860|||0|0|18429|17894|
780601|0|0|0|0|0|0|185|119|
782736|0|0|0|0|0|0|3276|5696|
782225|0|0|0|0|0|0|453|958|
777744|0|0|0|0|0|0|31252|37290|
761971|437|788|0|0|0|0|0|0|
780834|0|0|0|0|0|0|0|0|
779356|||||0|0|||
782359|0|0|0|0|0|0|326|365|
782438|0|0|0|0|0|0|617|1492|
756053|0|0|0|0|0|0|1118|2418|
779331|0|0|0|0|0|0|0|0|
777418|7412|8644|0|0|0|0|0|0|
768502|0|0|0|0|0|0|0|0|
754202|0|0|0|0|0|0|0|0|
778134|0|0|0|0|0|0|0|0|
780772|0|0|0|0|0|0|0|0|
777566|0|0|0|0|0|0|0|0|
780707|0|0|0|0|0|0|0|0|
754493|||||0|0||919|
783191|0|0|0|0|0|0|0|0|
751749|0|0|0|0|0|0|0|0|
782637|0|0|0|0|0|0|0|0|
780774|496|4978|0|0|0|0|0|0|
773529|0|0|0|0|0|0|0|0|
754723|0|0|0|0|0|0|0|0|
756413|0|0|0|0|0|0|0|0|
784393|||||0|0|5278|8738|
776499|0|0|0|0|0|0|0|0|
777849|0|0|0|0|0|0|0|0|
782364|0|0|0|0|0|0|0|0|
783187|0|0|0|0|0|0|0|0|
753629|0|0|0|0|0|0|0|0|
776507|0|0|0|0|0|0|0|0|
784434|0|0|0|0|0|0|55|0|
755063|0|0|0|0|0|0|0|0|
777678|0|0|0|0|0|0|0|0|
770824|0|0|0|0|0|0|0|0|
784452|0|0|0|0|0|0|0|0|
755229|0|0|0|0|0|0|0|0|
777614|0|0|0|0|0|0|0|0|
776423|0|0|0|0|0|0|0|0|
773311|0|0|0|0|0|0|0|0|
773979|0|0|0|0|0|0|0|0|
777531|0|0|0|0|0|0|0|0|
756187|0|0|0|0|0|0|0|0|
780764|||||0|0|0||
782696|0|0|0|0|0|0|485|385|
756345|0|0|0|0|0|0|0|0|
785605|0|0|0|0|0|0|427|0|
773405|0|0|0|0|0|0|0|0|
755502|0|0|0|0|0|0|0|0|
785655|||||0|0|||
785274|0|0|0|0|0|0|0|0|
782315|0|0|0|0|0|0|0|0|
778055|0|0|0|0|0|0|0|0|
773520|0|0|0|0|0|0|0|0|
773829|0|0|0|0|0|0|0|0|
784399|0|0|0|0|0|0|0|0|
766062|||||0|0|3801|43310|
777822|||||0|0|||
783270|0|0|0|0|0|0|0|0|
777267|0|0|0|0|0|0|0|0|
754633|0|0|0|0|0|0|0|0|
783145|||||0|0|||
766107|0|0|0|0|0|0|551|726|
780552|0|5795|0|0|0|0|0|0|
773895|||||0|0|||
783238|0|0|0|0|0|0|0|0|
753621|0|0|0|0|0|0|0|0|
784411|0|0|0|0|0|0|0|0|
785245|0|0|0|0|0|0|0|0|
776564|0|0|0|0|0|0|0|0|
784406|3236|3236|0|0|0|0|0|0|
755612|0|0|0|0|0|0|0|0|
785624|0|0|0|0|0|0|0|0|
773716|19080|19390|0|0|0|0|0|0|
783193|0|0|0|0|0|0|0|0|
777612|0|0|0|0|0|0|0|160|
783190|0|0|0|0|0|0|0|0|
777843|2693|1918|0|0|0|0|0|0|
782761|0|0|0|0|0|0|0|0|
776501|0|0|0|0|0|0|0|0|
757318|0|0|0|0|0|0|0|0|
785436|0|0|0|0|0|0|0|0|
766237|0|0|0|0|0|0|3881|3802|
779323|0|0|0|0|0|0|0|0|
785628|0|0|0|0|0|0|0|0|
777630|0|0|0|0|0|0|0|0|
784436|0|0|0|0|0|0|0|0|
783278|0|0|0|0|0|0|0|0|
784396|0|0|0|0|0|0|0|0|
785611|0|0|0|0|0|0|0|0|
785492|0|0|0|0|0|0|0|0|
780725|0|0|0|0|0|0|0|0|
785516|0|0|0|0|0|0|0|0|
756421|0|0|0|0|0|0|0|0|
785300|0|0|0|0|0|0|0|0|
782886|0|0|0|0|0|0|0|0|
755247|0|0|0|0|0|0|0|0|
782916|0|0|0|0|0|0|0|0|
778057|0|0|0|0|0|0|0|0|
773478|||||0|0|10||
782874|0|0|0|0|0|0|0|0|
766091|798|0|0|0|0|0|0|0|
785609|0|0|0|0|0|0|0|0|
783243|0|0|0|0|0|0|0|0|
766160|0|0|0|0|0|0|0|0|
755153|0|0|0|0|0|0|0|0|
753457|0|0|0|0|0|0|0|0|
777348|0|0|0|0|0|0|0|0|
780797|0|0|0|0|0|0|0|0|
782866|0|0|0|0|0|0|0|0|
753499|0|0|0|0|0|0|0|0|
766257|0|0|0|0|0|0|0|0|
782807|0|0|0|0|0|0|0|0|
768501|0|0|0|0|0|0|0|0|
782034|0||0||0|0|551|1353|
773804|0|0|0|0|0|0|0|0|
777389|0|0|0|0|0|0|0|0|
780577|0|0|0|0|0|0|0|0|
777299|0|0|0|0|0|0|0|0|
783095|0|0|0|0|0|0|0|0|
782322|||||0|0|||
785326|0|0|0|0|0|0|0|0|
766115|0|0|0|0|0|0|0|0|
778030|0|0|0|0|0|0|0|0|
777342|0|0|0|0|0|0|0|0|
768417|0|0|0|0|0|0|0|0|
780563|18882|22648|||0|0|||
784447|0|0|0|0|0|0|0|0|
769035|0|0|0|0|0|0|0|0|
785235|0|0|0|0|0|0|0|0|
745564|0|3062|0|0|0|0|0|0|
781913|0|0|0|0|0|0|0|0|
782809|0|0|0|0|0|0|0|0|
755728|0|0|0|0|0|0|0|0|
782689|0|0|0|0|0|0|0|0|
782609|0||0||0|0|0||
782478|0|0|0|0|0|0|0|0|
781929|0|0|0|0|0|0|0|0|
783166||||||0|||
773834|0|0|0|0|0|0|0|0|
782333|0|0|0|0|142266|134016|31270|31498|
776380|0|0|0|0|0|0|0|0|
785479|175|335|0|0|0|0|0|0|
782835||17358|||0|0|6106|6473|
766050|0|0|0|0|0|0|0|0|
785575|0|0|0|0|0|0|0|0|
782499|0|0|0|0|0|0|0|0|
785186|0|0|0|0|0|0|0|0|
768450|0|0|0|0|0|0|0|0|
783130|0||0||0|0|793|1040|
782604|0|0|||0|0|5035|7356|
782905|0||0||0|0|10771|5622|
777666|0|0|0|0|0|0|1899|1939|
754339|0|0|0|0|0|0|0|0|
755885|0|0|0|0|0|0|0|0|
773513|0|0|0|0|0|0|0|0|
756463|0|0|0|0|0|0|0|0|
780888|15185674|18276773|||0|0|101308|47915|
777693|0|0|0|0|0|0|0|0|
755739|0|0|0|0|0|0|3510|0|
783126|0|0|0|0|0|0|0|0|
780893|0|0|0|0|0|0|0|0|
777878|0|0|0|0|0|0|348|511|
756336||0||0|0|0|399253|295308|
785320|0|0|0|0|0|0|0|0|
783032|976732|1824214|0||0|0|1087043|1085908|
773406|0|0|0|0|0|0|0|0|
782832|||||0|0|||
777508|0|0|0|0|0|0|0|0|
777895|||||0|0|18644||
782020|6408|5735|0|56955|0|0|1261|1934|
777624|0|1237|0|0|0|0|0|0|
785520|36316|437|0|0|0|0||1464|
777661|22529|16370|0|0|0|0|0|0|
754828|0|0|0|0|0|0|0|0|
766016|0|0|0|0|0|0|6226|17992|
782738|1960|1938|||0|0|11357|11899|
782562|0|0|0|0|0|0|0|0|
783042|0|0||0|0|0|0|0|
783199|946|0|0|0|0|0|0|0|
755134|0|0|0|0|0|0|0|0|
766073|0|0|6381142|6332642|0|0|0|0|
773867|0|0|0|0|0|0|0|0|
777987|2600|2675|0|0|0|0|0|0|
781887|0|0|0|0|0|0|538|1110|
742310||58626||0|0|0|3252|3252|
783149|0|0|0|0|0|0|0|0|
783054|0|0|0|0|0|0|0|0|
783209|0|0|0|0|0|0|0|0|
779286|0|0|0|0|0|0|0|0|
778092|0|0|0|0|0|0|0|0|
773893|0|0|0|0|0|0|0|0|
768533|0|0|460|0|0|0|0|0|
783097||0|93500|93500|0|0|5600|5600|
785534|0|0|0|0|0|0|0|0|
785607|13394|13384|0|0|0|0|31|574|
783284|38316|10840||0|0|0|327|327|
782812|0|0|0|0|0|0|0|0|
777546|0|0|0|0|0|0|0|0|
756128|0|0|0|0|0|0|0|0|
785507|0|0|0|0|0|0|0|0|
783142|0|0|0|0|0|0|0|0|
777774|7177|0|0|0|0|0|38257|35178|
783061|472660|829434|||17702|0|878257|754829|
782388|0|0|0|0|0|0|0|0|
783162|0|0|0|9657|0|0|22451|28949|
785385|0|0|0|0|0|0|0|0|
773865|1063653|840257||0|0|0|0|0|
773398|0|0|0|0|0|0|0|0|
777504|0|0|0|0|0|0|0|0|
782191|0|0|0|0|0|0|0|0|
786998|0|0|0|0|0|0|0|0|
780648|0|0|0|0|0|0|0|0|
785506|0|0|0|0|0|0|2340|745|
766084|0|0|0|0|0|0|0|0|
757314|0|0|0|0|0|0|0|0|
776517|0|0|0|0|0|0|154|154|
777719|0|0|0|0|0|0|0|0|
781942|0|0|0|0|0|0|1371|1442|
782955|0|0|0|23004|0|0|1357|0|
769763|0|0|0|0|0|0|496|2814|
774032|||||0|0|653|2301|
782354|0|0|0|0|0|0|0|0|
777479|0|0|0|0|0|0|0|0|
785474|0|0|0|0|0|0|6073|11131|
777285|0|0|0|0|0|0|0|0|
777738|0||0||0|0|0|619|
782369|0|0|0|0|0|0|0|0|
755539|0|0|0|0|0|0|0|0|
782079|0|0|0|0|0|0|0|0|
786994|0|0|0|0|0|0|0|0|
773454|0|0|0|0|0|0|11697|3553|
784418|0|0|0|0|0|0|0|0|
770737|0|0|0|0|0|0|0|0|
778063|56348|28292|||0|0|597826|728268|
776581|0|0|0|0|0|0|0|0|
782275|0|0|0|0|0|0|0|0|
777780|0|0|0|0|0|0|635|612|
754826|0|0|0|0|0|0|0|0|
786997|0|0|0|0|0|0|0|0|
766234|0||0||0|0|763|1135|
783120|10536|3693|0|0|303552|268080|66387|85027|
784474|0|0|0|0|0|0|0|0|
782138|0|0|0||0|0|1540|1770|
767178|0|0|0|0|0|0|0|0|
782853|0|0|0|0|0|0|0|0|
782171|0|0|0|0|0|0|0|0|
782721|0||0||0|0|123297|107881|
781923|0|0|0|0|0|0|0|0|
783035|0|0|0|0|0|0|0|0|
781974|0|0|0|0|0|0|0|0|
782355|0|0|0|0|0|0|0|0|
782849|216520|326072|0||311310|94900|111278580|78272222|
782902|0|0|0|0|0|0|0|0|
782904|0|0|0|0|0|0|0|0|
782846|0|0||0|0|0||0|
785437|0|0|0|0|0|0|0|0|
782268||0|||0|0|5217|4166|
781926|0||0||0|0|0||
780746|0|0|0|0|0|0|11720|0|
782613|||||0|0|9735|6795|
773534|18648|4597|||0|0|130800|199193|
783141|122541|64301|||0|0|||
784458|0|0|0|0|0|0|0|0|
773443|0|0|0|0|0|0|0|0|
782830|0|0|0|0|0|0|0|0|
773761|0|0|0|0|0|0|0|0|
785500|2188|0|0|0|0|0|0|0|
783068|248088|214164|0||0|0|866960|870226|
756220|1739|426|0||0|0|5277|5259|
778066|||||0|0|||
782579|504125|390509|0||0|0|2112412|2321222|
768405|0|0|0|0|0|0|0|0|
781919|29959|32380|0||0|0|40135|40774|
785595|0|0|0|0|0|0|0|0|
776503|0|0|0|0|0|0|0|0|
782549|0|0|0|0|0|0|0|0|
766034|0|0|0|0|0|0|5687|6305|
782757||0||0|0|0|1104|798|
783026|0|0|0|0|0|0|0|0|
781969|0|0|0|0|0|0|0|0|
782347|0||0||0|0|60097|27588|
773941|0|0|0|0|0|0|0|0|
777605|0|0|0|0|0|0|9201|10509|
782744|154223|29634|0|0|3303603|3223158|645863|1060082|
780545|0|0|0|0|0|0|0|0|
783287||0|0|149900|0|0|1752|2544|
780744|||||0|0|54746|67035|
777592|0|3830|0|0|32384|22679|0|0|
777818|0|0|0|0|0|0|0|0|
782174|406771|363278|0|635227|0|0|1525834|1228307|
777829||0|||0|0|||
756383|0|0|0|0|0|0|0|0|
755725|0|0|0|0|0|0|0|0|
777690|0|0|0|0|0|0|0|0|
780899|0|0|0|0|0|0|0|0|
783090|0|0|0|0|0|0|0|0|
784404|0|0|0|0|0|0|0|0|
777438|0|0|0|0|0|0|0|0|
754530|0|0|0|0|0|0|0|0|
756197|0|0|0|0|0|0|0|0|
784494|0|0|0|0|0|0|0|0|
780802|0|0|0|0|0|0|0|0|
768466|6751|1660|9000|9000|0|0|||
754072|0|0|0|0|0|0|0|0|
780572|71076|146885|0|0|0|0|30239|41671|
782243|0|0|0|0|0|0|10234|11923|
766254|10301|15292|0|108500|0|0|0||
773300|0|0|0|0|0|0|0|0|
782790|34681|55841|0|166690|0|0|61162|23622|
773957|0|0|0|0|0|0|0|0|
756448|0|0|0|0|0|0|4486|4486|
754640|0|0|0|0|0|0|0|0|
782675|||908232|943492|0|0||128|
778093|||||0|0|||
755877|0|0|0|0|0|0|0|0|
777781|2876|2439|||0|0|50000|50000|
782505|||||0|0|||
770796|0|0|0|0|0|0|1315|1318|
780821|0|0|0|0|0|0|368|425|
780688|0|0|0|0|0|0|19174|18534|
783057|0|0|0|0|0|0|3855|3855|
780680|0|0|0|0|0|0|0|0|
782214|0|0|0|0|0|0|0|0|
782788|0|0|0|0|0|0|0|0|
782511|51114|0|0|0|0|0|2127|2759|
782284|0|0|0|0|0|0|0|0|
782003|0|30353|0|0|0|0|19141|17402|
782090|0|0|0|0|0|0|0|0|
782714|0|0|0|0|0|0|0|0|
782534|0|0|0|0|0|0|0|0|
780867|0|0|0|0|0|0|0|0|
785487|0|0|0|0|0|0|0|0|
785263|0|0|0|0|0|0|0|0|
782108|0|0|0|0|0|0|0|0|
783106|0|1648|0|0|0|0|0|737|
782979|0|0|0|0|0|0|959|650|
782989||0||0|0|0|212||
782743|0|0|0|0|0|0||10996|
783089|9896|12773|0||0|0|17347|30669|
782567|||||0|0|66873|23877|
785590|0|0|0|0|0|0|0|0|
780561|0|0|0|0|0|0|0|0|
782664|0|0|0|0|0|0|0|0|
755431|16271|19937|0|0|0|0|0|0|
777929|1657|16651|0|0|0|0|118314|143500|
766060|0|0|0|0|0|0|134|69|
754759|0|0|0|0|0|0|0|0|
784410|0|0|0|0|0|0|431|10594|
780831|0|0|0|0|0|0|0|0|
780760|0|0|0|0|0|0|0|0|
754230|0|0|0|0|0|0|0|0|
773852|73327|186581|||0|0|847410|2164807|
779299|0|0|0|0|0|0|0|0|
781894|0|0|0|0|0|0|886|649|
776526|0|0|0|0|0|0|0|2458|
780789|0||0||0|0|6702|5646|
782709|0|0|0|0|0|0|0|0|
782857|||0||0|0|790|451|
782616|||||0|0|5519|2222|
777753|0|0|0|0|0|0|0|0|
785358|0|0|0|0|0|0|0|0|
755243|||||0|0|||
782103|||170900|153900|0|0|10824|10313|
777958|0|0|0|0|0|0|434|755|
778039|||||0|0|4711|4474|
780708|6693|6266|0|0|0|0|0|0|
770811|0|0|0|0|0|0|0|0|
755024|0|0|0|0|0|0|0|0|
777552|0|0|0|0|0|0|0|0|
766183|0|0|0|0|0|0|0|0|
783117|0|0|0|0|0|0|1500|0|
782033|76021|33660|||0|0|229102|371991|
774010|0|0|0|0|0|0|0|0|
781946|53608|76873|0|0|0|0|8074|8081|
782299|120646|137529|0|0|0|0|1001746|940546|
777686|0|0|0|0|0|0|0|0|
781972|19508|105351|0|0|0|0|141223|140255|
782491|93700|114920|1315960|1123229|0|0|175590|203468|
782848|120838|122103|0|0|0|0|609534|569661|
776382|0|0|0|0|0|0|1166|1051|
778052|0|0|0|0|0|0|1845|1302|
781943|0|0|0|0|0|0|374|0|
755322|0|0|0|0|0|0|0|0|
783101|0|0|0|0|0|0|0|0|
782522|59228|53278|21824|30555|0|0|102352|134698|
773990|0|0|0|0|0|0|0|0|
768451|0|0|0|0|0|0|0|0|
777549|0|0|0|0|0|0|2103|3077|
781956|0|0|0|0|0|0|0|0|
783119|0|0|0|0|0|0|0|0|
782423|0|0|0|0|0|0|0|0|
773753|0|0|0|0|0|0|0|0|
782697|0|0|41264|37777|0|0|0|0|
778017|0|0|0|0|0|0|0|0|
782525|78531|74078|0|0|0|4993181|358550|334870|
782538|0|0|0|0|0|0|0|0|
785282|0|0|0|0|0|0|0|0|
777363|0|0|0|0|0|0|0|0|
777591|0|0|||0|0|||
777316|0|0|0|0|0|0|0|0|
777655|0|0|0|0|0|0|0|0|
777268|0|0|||0|0|||
777314|0|0|||0|0|||
777336|0|0|0|0|0|0|0|0|
777319|0|0|0|0|0|0|0|0|
777401|0|0|||0|0|||
777610|0|0|||0|0|||
777282|0|0|0|0|0|0|0|0|
777321|0|0|0|0|0|0|0|0|
777315|0|0|0|0|0|0|0|0|
770874|0|0|0|0|0|0|0|0|
785190|15688|30972|47927|35316|0|0|0||
782028|9353|9752|0||0|0|667387|636097|
782599|1167047|1655838||0|0|0|16192393|6737717|
777839|23761|21465|||0|0|||
783031|||||0|0|||
773918|0|0|0|0|0|0|0|0|
780634|0|0|0|0|0|0|44|2274|
768442|0|0|0|0|0|0|0|0|
782425|0|0|0|0|0|0|0|0|
740515|1112|1471|0|0|0|0|3067|596|
776394|0|0|5000|5000|0|0|0|0|
770880|0|0|0|0|0|0|0|0|
785351|0|0|0|0|0|0|0|0|
773866|0|0|0|0|0|0|0|0|
784449|0|0|0|0|0|0|0|0|
782837|0|0|0|0|0|0|5165|2481|
776379|0|0|0|0|0|0|0|0|
783015|0|0|0|0|0|0|0|0|
773487|0|0|0|0|0|0|0|0|
782441|0|0|0|0|0|0|0|0|
777580|0|0|0|0|0|0|0|0|
785625|0|0|0|0|0|0|0|0|
785329|0|0|0|0|0|0|0|0|
780706|0|0|0|0|0|0|0|0|
754784|0|0|0|0|0|0|0|0|
786974|||||0|0|||
781957|0|0|0|0|0|0|0|0|
783082|0|0|0|0|0|0|0|0|
782898|0|0|0|0|0|0|0|0|
783192|0|0|0|0|0|0|0|0|
767179|0|0|0|0|0|0|0|0|
770897|0|2964|1355|0|0|0|0|0|
782169|13449|0|0|0|0|0|0|0|
785472|0|0|0|0|0|0|0|0|
784395|0|0|0|0|0|0|0|0|
777746|0|0|0|0|0|0|0|0|
780568|0|0|0|0|0|0|0|0|
768491|0|0|0|0|0|0|0|0|
783202|0|0|0|0|0|0|0|0|
777729|79579|171033|||0|0|361661|281213|
783077|0|0|0|0|0|0|0|300|
782213||0||0|0|0||0|
766080|37832|36975|100000|100000|0|0|0|0|
777452|0|0|0|0|0|0|0|0|
782933|2817|4702|754169|654327|0|0|118663|298338|
755642||152903|||0|0|||
777270|0|0|0|0|0|0|0|0|
785419|0|0|0|0|0|0|0|0|
779325|0|0|0|0|0|0|0|0|
785209|0|0|0|0|0|0|0|0|
781944|26576|4395|0|0|0|0|31952|33724|
777893|0|0|0|0|0|0|0|0|
785629|0|0|0|0|0|0|0|0|
782918|0|0|0|0|0|0|0|0|
782367||0||0|0|0|355|6116|
782770|0|0|0|0|0|0|0|0|
780663|0|0|0|0|0|0|0|0|
766008|7624|5322|||0|0|134824|124648|
776508|0|0|0|0|0|0|0|0|
785466|0|0|0|0|0|0|0|6425|
756453|0|0|0|0|0|0|0|0|
777354|0|0|0|0|0|0|0|0|
777584||0||0|0|0|0|0|
768418|0|0|0|0|0|0|0|0|
777505|0|0|||0|0|||
777323|0|0|||0|0|||
777456|0|0|||0|0|||
773403|0|0|0|273037|0|0|8434|43179|
756195|||||0|0|||
782733|0|0|0|0|0|0|0|0|
782759|14136|20224|0|0|0|0|149380|146938|
782223|15321|11277|0|0|1740265|1698402|140337|131874|
755727|0|0|0|0|0|0|0|0|
782386|0|0|0|0|0|0|0|0|
782508|0|0|0|0|0|0|83|134|
768385|0|0|0|0|0|0|0|0|
777311|0|0|0|0|0|0|0|0|
777325|0|0|0|0|0|0|0|0|
777607|0|0|0|0|0|0|0|0|
782805|0|0|0|0|0|0|0|0|
783078|0|0|0|0|0|0|0|0|
776477|0|0|0|0|0|0|0|0|
782546|||||0|0|981||
773330|15946|2208|0|0|0|0|39803|43295|
780540|0|0|0|0|0|0|414|0|
773518|0|0|0|0|0|0|0|0|
785581|0|0||0|0|0|0|2014|
756116|||||0|0|9812|9692|
769007|8161|0|0|0|0|0|0|0|
753826|348493|199967|0||0|0|124980|124980|
777305|0|0|0|0|0|0|0|0|
777303|0|0|0|0|0|0|0|0|
782552|||||0|0|3163|2799|
777509|0|0|0|0|0|0|0|0|
777450|0|0|0|0|0|0|0|0|
777461|0|0|0|0|0|0|0|0|
782786|0|0|0|1825865|0|0|116516|293167|
776383|0|0|0|0|0|0|0|0|
776388|0|0|5000|5000|0|0|0|0|
776387|0|0|10000|10000|0|0|0|0|
776385|0|0|10000|10000|0|0|0|0|
776381|0|0|5000|5000|0|0|0|0|
776386|0|0|5000|5000|0|0|0|0|
776389|0|0|5000|0|0|0|0|0|
766197|0|0|0|0|0|0|0|0|
778005|132668|146664|0|0|0|0|403|269|
782606|0||0|356790|0|0|28713|20169|
779384|0|0|0|0|0|0|0|0|
782887|0|0|0|0|0|0|0|0|
780892|0|0|0||0|0|849|845|
785458|0|0|0|0|0|0|0|0|
782858||0|42097|69592|0|0|57651|39018|
773544|0|0|0|0|0|0|0|0|
773408|56125|69928|0|338139|0|0|17417|4068|
773752|0|0|0|0|0|0|0|0|
777414|6590|6882|0|14640|0|0|8506116|10444880|
783067|18968540|18283283|776575|0|22142489|21430381|60172796|60964999|
782114||0||0|0|0|52611|22859|
782890|24492|26478|0|0|0|0|293696|230937|
773485|0|2248|0|0|0|0|0|0|
783062|1394632|927569|0|3272840|0|0|179383|68444|
766075|6982633|7284993|0|0|0|0|2395284|2604944|
755599|531533|64942|||0|0|27894|41996|
766219|2544||0|150000|0|0|317489|321061|
782863|26846|15535|3784000|5628202|0|0|389450|405393|
768487|1262118|1617632|0||0|0|29289744|34569012|
782882|2697014|2851709|0|0|39467366|39590248|17195204|16188852|
782460|2143298|3958010|14551833|13685166|0|0|208324|392041|
782151|1689682|1847849|1581861|1264876|0|0|241229005|124173686|
785549|2111|9539|||0|0||0|
773824|||||0|0|63840|33573|
782780|105715|106466|0|647425|0|0|2451121|2764348|
765211|0|0|||0|0|5316|5316|
784414|637107|498716||0|0|0|8131502|8531781|
766187|0|34382||0|0|0|1294578|1122283|
780644|59763|11704|0|0|0|0|44346|41123|
773317|294206|517256||1818330|0|0|43411418|30064900|
777652|8054902|9839938|||0|0|286246550|281979479|
782530|276531|294689|0|0|0|0|12685235|22955196|
782865|272832|746625|2092512|2045091|0|0|401819|422797|
765242|698015|463090|0|0|0|0|997842|1314515|
782253||0||0|0|0||33615|
785478|||||0|0|||
785497|0|3212|0|0|0|0|0|1781|
777656|0|0|||0|0|1194462|1456539|
780578|867202|1134583|0|0|0|0|11558512|12286906|
766195|2008456|1448803|0||0|0|35248078|37667756|
782745|0|0|0|0|0|0|0|0|
773917|0|0|0|0|0|0|0|0|
782558||0|292|2426|0|0|0|0|
756061|0|0|0|0|0|0|0|0|
756260|0|0|0|0|0|0|0|0|
741924|||0||0|0|1468|2508|
785354||0|0|0|49634|38179||0|
754601|0|0|0|0|0|0|0|0|
773809|||||0|0|49600|0|
773987|0|0|0|138|0|0|2355|1137|
782200|0|0|11694|0|0|0|14915|15464|
782815|0|0|0|0|0|0|8275|0|
782038|||||0|0|9463|14015|
773560|34298||||745558|0|414420|0|
766172|0|0|0|0|0|0|0|0|
754028|0|0|0|0|0|0|0|0|
774029|0|0|0|0|0|0|0|0|
780773|0|0|0|0|0|0|0|0|
782952|0|0|0|0|0|0|76141|45070|
782221|140882|154007|0|0|0|0|1190985|1634700|
740887|0|0|0|0|0|0|124840|124840|
778038|32858|36484|||0|0|1995|2569|
783293|0|0|0|0|0|0|0|0|
754286|0|0|0|0|0|0|0|0|
773741|0|0|0|0|0|0|35492|20320|
783154|||||0|0|2171||
785461|0|0|0|0|0|0|0|0|
777623|0|0|0|0|0|0|7454|9472|
782880|88034|93005|||0|0|39146|59856|
782707|1280784|2007774|1061892|4621936|0|0|1458208|1337098|
785336|0|0|0|0|0|0|0|0|
773526|186719|0|7090|0|0|0|10077|0|
773539|0|0|0|0|0|0|1423|1498|
782690|0|0|0|0|0|0|0|12251|
782144|0|0|0|0|0|0|0|0|
757326|0|0|0|0|0|0|0|0|
754027|0|0|0|0|0|0|0|0|
782820|0|0|0|0|0|0|5208|5208|
784443|0|0|0|0|0|0|0|0|
782619|0|0|0|0|0|0|0|0|
782813|0|0|0|0|0|0|0|0|
780785|104398|147994|2539528|2807061|0|0|58904|196333|
783135|0||||0|0|0|0|
782520|1295|1686|15945|0|0|0|0||
781952|0||427084|50828|0|397581|4328|5077|
782926||||78898|0|0|4277|2567|
777586|40826|22019|||0|0|11429|11017|
782107|0|0|0|0|0|0|0|0|
782836|3500|3500|0||0|0|569|10553|
780690|38092|44428|||0|0|3474|4571|
784388|0||0|0|0|0|12421|10712|
782507|0|0|0|0|0|0|1161|1200|
782965|||38405|25253|0|0|2522|1347|
781897|||||0|0|||
782583|70900|85185|793917|484597|0|0||0|
783076|||13070|0|0|0|11174|14376|
782165|2033||||0|0|||
756042|||||0|0|||
780692|55305|47386|0|133917|0|0|26473|211401|
781936|||||0|0||34200|
783264|40906|35210|||0|0|||
782485|203964|277355|0|0|0|0||0|
785384|0|0|0|0|0|0|0|0|
777860|0|0|0|0|0|0|0|0|
782404|0||0||0|0|||
782659|0|0|0|0|0|0|0|0|
773296|0|0|0|0|0|0|0|0|
777786|58900|23430|0|60171|0|0|6659|7144|
756297|0|0|0|0|0|0|0|0|
754790|0|0|0|0|0|0|0|0|
782276|0|0|0|0|0|0|0|0|
756414|0|0|0|0|0|0|0|0|
777467|0|0|0|0|0|0|0|0|
782178|0|0|0|0|0|0|1088|672|
782374|10754|0||0|0|0|57998|90892|
766166|0|0|0|0|0|0|0|0|
782698|135125|128202|0|0|0|0|0|0|
777704|7298|10424|0|0|0|0||0|
773464|0|0|0|0|0|0|0|0|
779283|0|0|0|0|0|0|0|0|
782277|0|0|0|0|0|0|0|0|
782577|10618|6250|0||0|0|4765|4984|
783017|0|0|0|0|0|0|0|0|
780855|1242|869||0|0|0|20648|2402|
782674|0|||217556|0|0|1044|4212|
780883|0|0|0|0|0|0|0|0|
777691|0|0|0|0|0|0|6031|1462|
755578|0|0|0|0|0|0|0|0|
779339|0|0|0|0|0|0|0|0|
782749|1897|2687|0|0|0|0|0|0|
777619|0|0|0|71720|0|0|31261|31520|
782011|0|0|0|0|278725|256841|176933|201455|
780738|0|0|0|177600|0|0|3846|3196|
782363|0|0|0|0|0|0|0|0|
778072|0|0|0|0|0|0|0|0|
766082|927483|475975|3699129|3616330|0|0|50776722|43478564|
782313||0|||0|0|23690|33119|
783113|3295|3165|0||0|0|0||
783256|0|0|0|0|0|0|0|0|
782132|0|0|0|0|0|0|70506|103668|
782471|||||0|0|643|1729|
782948|0|0|0|0|0|0|1720|1937|
782426|0|0|0|0|0|0|0|0|
782646||0||0|0|0|16320|15670|
782980|0|0|0|0|0|0|7822|7635|
777670|0|0|0|0|0|0|0|0|
780689|0|0|0|0|0|0|5532|5510|
756006|0||||0|0|4189|3735|
778140|29407|18772|0|112899|0|0|22294|7273|
780589|162|199|0|0|0|0|3064|3578|
782981|307871|305758|0|0|0|0|6404|1956|
777345|||||0|0|||
755900|||||0|0|||
782484||||39462|0|0|62267|49028|
754283|0|0|0|0|0|0|0|0|
782469|33101|37684|53058|146784|0|0|11656|14087|
757343|0|0|0|0|0|0|102|572|
782257|94326|144066|0|0|0|0|53092|67390|
777447|0|0|0|0|0|0|0|0|
783022|||||0|0|3189|3858|
782896|||||0|0|||
782109|46510|2353|0||0|0|0|15613|
782316|528|1082|0|0|0|0|0|0|
776466|0|0|0|0|0|0|0|0|
782685|0|0|0|0|0|0|3890|3811|
777980|0|0|0|0|0|0|0|0|
780836|26154|23934|||0|0|38268|15839|
782692|0|0|0||0|0|0|741|
782016|0|0|0|0|0|0|12162|13014|
782294|22375|23848|0|0|0|0|0|0|
743483|0|0|0|0|0|0|461|461|
783030|0|0|0|0|0|0|0|0|
756332|32268|10379|||0|0|5300|5300|
768482|0|0|2845|3314|0|0|0|0|
756370|7116|3412|||0|0|||
778044|0|0|0|0|0|0|233|303|
783070|0||0|0|0|0|35810||
780856|68156|72249||90545|0|0|||
780877|0|0|0|0|0|0|0|0|
777261|0|0|0|0|0|0|23111|18621|
756194|10740|30598|0||0|0|12927|30166|
782021|0|0|0|0|0|0|1236|1348|
780871|0||0||267713|0|0||
768388|0|0|0|0|0|0|159|159|
780873|0|0|0|0|0|0|0|0|
777396||||0|0|0|2334068|2507100|
783111|79685|61053|0||0|0|239266|239266|
782778||4978|||0|0|721|743|
782468|5829|5583|||0|0|2271|5139|
780702|30965|34726|539986|615164|0|0|||
766110|0|0|0|0|0|0|0|0|
777276|0|0|0|0|0|0|0|0|
782207|0|0|||0|0|2757|1578|
776527|0|0|0|0|0|0|0|0|
777275|0|0|0|0|0|0|0|0|
782331|0|0|0|0|0|0|6821|8331|
777835|0|0|0|0|0|0|0|0|
783060|6036|4176|0|0|0|0|0|0|
778008||0||0|0|0|6317|6052|
770820|0|0|0|0|0|0|0|0|
777412|0|0|0|0|0|0|0|0|
782244|0|0|0|0|0|0|0|0|
785388|3000|3000|||0|0|||
783163||0||0|0|0||0|
785295|0|0|0|0|0|0|0|0|
785293|12052|18327|0|0|0|0|805|236|
779372|0|0|0|0|0|0|0|0|
773527|1730|1521|0|0|0|0|0|0|
782247|0|0|0|0|0|0|10187|9827|
782971|0|0|0|0|0|0|0|0|
782061|4763|4618|0|0|0|0|0|0|
782536|6210|7621|23491|16979|0|0|46132|65076|
782338|512|1384|0|0|0|0|0|0|
781895|0|0|0|0|0|0|0|0|
781990|0|0|0|0|0|0|0|0|
782779|||46967|32098|0|0|21721|99162|
782706||||35922|0|0|14729|15734|
767161|0|0|0|0|0|0|0|0|
780654|0|0|28135|18766|0|0|2861|3179|
782467|2218|428|||0|0|||
785353|0||0||0|0|151||
785594|0|0|0|0|0|0|142|549|
782783||70787||61285|0|0|7155|9263|
784394|0|0|0|0|0|0|622|486|
780664|0|0|0|248210|0|0|8065|8410|
781962|0|0|23810|258989|0|0|24537|29131|
766125|0|4050|0|0|0|0|1586|1736|
766180|0|0|0|0|0|0|1927|2205|
766259|0|0|0|0|0|0|0|0|
777322|0|0|0|0|0|0|0|0|
782638|0|0|0|0|0|0|699|1601|
777346|||38423|31846|0|0|||
755826|0|0|0|0|0|0|863|879|
773324|0|0|0|0|0|0|203|662|
783046|0|0|0|0|0|0|1274|1011|
782563|0|14150|0|0|0|0|8888|18566|
782170|0|0|0|0|0|0|0|0|
782513|0|0|0|0|0|0|0|0|
780882|0|0|0|0|0|0|0|0|
782158|0|0|0|0|0|0|2301|2186|
777788|0||0||0|0|0||
782326|0|0|0|0|0|0|67607|3690|
780723|0|0|0|0|0|0|0|0|
782894|15259|10410|||0|0|7625|7075|
782089|||||0|0|728|1749|
755810|0|0|0|0|0|0|0|0|
777353|0|0|0|211074|0|0|2152|2066|
782372||0||0|0|0|1031|2137|
782842|19628|0||0|0|0|2280|838|
780747|78940|37847|0|147015|0|0|763|5445|
785540|0|0|0|0|0|0|0|0|
781904|0|0|0|0|0|0|650|941|
782734|0|0|0|0|0|0|0|0|
782617|0|0|0|0|0|0|0|1840|
783125|0|0|0|0|0|0|0|0|
782278|0|0|0|0|0|0|0|0|
782669|1922|2649|0||0|0|0||
777593|||||0|0|||
782251|11167|25788|241872|77779|0|0|1310|3135|
782974|||||0|0|30273|43299|
782814|4249|4326|379937|379937|0|0|31050|31196|
782787|60542|63126|4720000|4288118|0|0|9913|13114|
777784|||||0|0|||
780865|0|0||0|0|0|23269|24636|
770799|0|0|0|0|0|0|0|0|
782238|0|0|0|0|0|0|4886|3104|
782300|0|0|0|0|0|0|0|0|
782852|0|0|2504598|2428088|0|0|161951|176171|
782012||0||0|0|0|667|909|
782582|0|0|0|0|0|0|204083|14426|
782015|0|0|0|0|0|0|0|0|
766149|0|0|0|0|0|0|0|0|
777404|0||2893|673|0|0|5802|2949|
782860||0||0|0|0||0|
782532|0|1814|0|0|0|0|218356|244157|
783109|2375|2375||0|0|0|25358|24768|
783049|0|0|0|0|0|0|0|0|
780698|||||0|0|29054|20523|
776538|0|0|0|0|0|0|0|0|
780594|0|0|0|0|0|0|4697|4081|
777496|0|0|0|0|0|0|929|841|
786992|0|0|0|0|0|0|9155|10567|
779381|0|0|0|0|0|0|749|0|
782141||||92185|0|0|0|1680|
776472|0|0|0|0|0|0|224|325|
776410|106|0|0|0|0|0|0|0|
780660|35152|35748|0||0|0|4196|5027|
782570|0|1321|||0|0|39405|41577|
777797|18302|12630|0|0|0|0|89677|97346|
777749|0|0|0|0|0|0|0|0|
755554|2041|1679|0|0|0|0|0|0|
781900|57294|50662|||0|0|6050|5707|
782291|11880|8889||398703|0|0|29895|29447|
765251|0|0|0|0|0|0|0|0|
782869|14013|14566||0|0|0|2356|1033|
785312|136|239|0|0|0|0|0|0|
782454|2998|2742|0||0|0|0||
768520|0|0|0|0|0|0|0|0|
782062|0|0||0|0|0||0|
782897|0|0|0|0|0|0|1623|1644|
781983|25332|27180|||0|0|2079|2202|
777900|0|0|0|0|0|0|0|0|
782907|1544||||0|0|17735|26389|
781986|0|0|0|0|0|0|994|1550|
782581|0|0|0|0|0|0|0|0|
777732|||||0|0|3643|1887|
782995|0|0|0|500235|0|0|139454|138340|
782249|||||0|0|20992|18004|
784415|3625||0||0|0|0|75648|
782798|14406|9397|125739|199776|0|0|3068|0|
781949|0|0|0|0|0|0|28796|29224|
782039|||||0|0|9205|10751|
770885|0|0|0|0|0|0|0|0|
776377|0|0|0|0|0|0|0|0|
782149|0|0|0|0|0|0|2679|2720|
777589|0|0|0|0|0|0|0|0|
782142|0||0||0|0|0||
782622|||||0|0|115662|91821|
782389|0|0|0|0|0|0|0|0|
782529||170000|8938148|7313707|0|0|91121|7531|
780709|50203|49599||0|0|0|2115|993|
780558|0|0|0|0|279151|156756|55103|58076|
777694|713327|745214|0|0|0|0|0|0|
777409|0|0|0|0|0|0|46297|40332|
780756|169441|156777|0|396296|0|0|16316|33578|
782694|0|0|0|0|0|0|4755|4564|
773901|0|0|0|0|0|0|0|0|
783127|0||0||0|0|0||
782328|0|0|0|0|0|0|0|0|
781886|0|0|0|0|0|0|1488|1499|
785524|71304|123922|131342|322|0|0|586686|329122|
782487|92309|86375|1157981|1099565|0|0|0|0|
783245|0|0|0|0|0|0|0|0|
777792|0|0|0|0|0|0|0|0|
776456|0|0|0|0|0|0|0|0|
782796|22093|26252|||0|0|3167|4081|
784491|0|0|0|0|0|0|0|0|
782793|39918|60627|||0|0|265544|217158|
785475|0|0|0|0|0|0|0|0|
779395|0|0|0|0|0|0|1576|1145|
782196|33256|30435||0|0|0||0|
782626|68955|55702|0|117729|327768|271208|300506|358849|
782939|||1126|8370|0|0|||
785510|0|0|0||0|0|0||
782156|0|0|0|58785|0|0|4890|4768|
782725|0|80696|0|0|0|0|1476|9772|
782992|0|0|0|0|0|0|505|288|
782309|32970|30334|32871|42961|0|0|1595|1741|
754634|24151|29990|||0|0|16851|21813|
782550|47349|2292||0|0|0|231037|227426|
782746|||||0|0|8699|44715|
782899|35248|39654||945474|0|0|||
780750|103994|94838||320458|0|0|4525|13258|
785606|31756|0||0|0|0||0|
782535|0|0|0|0|0|0|0|0|
782682|0|0|0|0|0|0|14526|0|
780813|||||0|0|6279|5779|
782282|0|0|0|0|0|0|0|0|
781965|3840||||0|0|21327|27048|
783116||0||0|0|0|411081|457083|
782373||||228778|0|0|6216|5482|
783118|||||0|0|9150|10739|
777845|0|0|0|0|0|0|688|685|
782074|0|0|0|0|0|0|150|155|
770899|0|882|0|0|0|0|0|0|
781976|0|0|0|0|0|0|0|0|
781985|0|0|0|0|0|0|1334|1329|
782120||0|35410|67316|0|0|39329|58089|
766021|0|0|0|0|0|0|0|0|
782624|26650|25620|0||0|0|62350|52604|
782580||0||0|0|0|41253|3935|
777477|30860|36750|0|0|0|0|0|0|
780902|0|0|0|0|0|0|1296|1473|
782892||0|||0|0|10632|33495|
782219|22945|36796|0|0|0|0|49493|43954|
782073|0|0|0|0|0|0|308|62|
776513|0|0|0|0|0|0|0|0|
779393|0|0|5820|0|0|0|0|0|
782975|0|0|0|0|0|0|28993|26569|
783016|1004987|747783|0|0|0|0|942120|1030694|
782527|0|0|0|0|0|0|29089|40018|
782512|0|0|0|0|0|0|3620|2367|
778113|36302|10631|0|0|0|0|1985|1333|
766144|2541733|763214|0|0|0|0|6417888|8992954|
783065|0|0|0|0|0|0|0|0|
777730|0|0|0|0|0|0|1595|0|
780861|0|0|0|0|0|0|5106|5346|
782593|31489|22278|0|88217|0|0|58774|64368|
780740|0|0|0|0|0|0|0|0|
777223|8534|806|0|0|0|0|216|1091|
773737|0|0||0|0|0|3094|3260|
782296|0|0|0|0|0|0|0|0|
777739|0|0|0|0|0|0|0|0|
773411|0|0|0|0|0|0|5009|4480|
754496|0|0|0|0|0|0|0|0|
780778|0|0|0|0|0|0|0|0|
782748|0|0|0|0|0|0|1962|2125|
753770|0|0|0|0|0|0|0|0|
741672|0|0|0|0|0|0|0|0|
782600|0|0|0|0|0|0|0|0|
782539|0|0|0||780920|674532|13537|10762|
776480|0|0|0|0|0|0|0|0|
755720|0|0|0|0|0|0|0|0|
773514|||513507|478836|0|0|||
782947||0|||0|0|1355|5223|
783297|0|0|0|0|0|0|5060|4973|
782127|0||||0|0|590|761|
779368|0|0|0|0|8008|4530|0|2222|
782086|||||1505948|1467409|24625|34633|
782585|||||0|0|43484|71747|
782693|0|0|0|0|0|0|0|0|
782265|70734|82115|0|0|0|0|9829|11459|
780805|0|0|0|0|0|0|0|0|
768536|0|0|0|0|0|0|0|0|
782936|0|0|0|0|0|0|0|0|
777224|||0||0|0|1224|3438|
782940|2276|2921|373134|0|0|0||14012|
782145|||||0|0|||
777771|100|100|0|0|0|0|0|0|
755621|0|0|0|0|0|0|0|62|
779285|0|0|0|0|0|0|0|0|
782658|55931|56738||0|0|0||0|
782159|140416|181711|0|0|0|0|0|0|
785299|0|0|0|0|0|0|0|0|
781922|3007|293||0|0|0||0|
782289|0||||0|0|1985|6124|
782773|42014|36235|0|320124|0|0|0||
782924|||||0|0|24067|124842|
782657|50158|35970|52606|41981|0|0|4734|5989|
782045|26196|23420|||0|0|60524|51153|
756189|||||0|0|||
780651|754|4517|131300|0|0|0|20116|20383|
782822|||||0|0|7571|5423|
774030||0||0|0|0||0|
782162|80361|88063|0|0|0|0|4997|2102|
785302|23936|28899|||0|0|3234|7465|
782878|14806|15378||0|0|0|||
780712|216426|194033||336444|0|0|34713|15228|
782014|0|0|0|0|0|0|0|0|
780887|||||0|0|2225|6339|
782146|490336|292585|9097057|0|0|8592285|996168|1249572|
782131|0|0|0|0|0|0|14957|12806|
755830|0|0|0|0|0|0|0|0|
785307|0|0|0|0|0|0|0|0|
780787|16817|26485|0|60200|0|0|0||
782610|0|0|0|0|0|0|5584|7018|
782493|9761|9408|0|0|0|0|29189|26301|
779294|||||0|0|||
782524|375687|368474|0|470109|0|0|32238|32223|
777543|0|0|0|0|0|0|0|0|
780670||0||0|0|0|7855|8987|
779378|0|0|0|0|0|0|0|0|
782950|143226|444165|0|940199|0|0|30601|83049|
782281|0|0|0|0|0|0|636|1041|
780769|||145102|126812|0|0|1564||
773935|0|0|0|0|0|0|0|0|
766029|0|0|0|0|0|0|0|188|
777562|28402|28540|0|0|0|0|1000|1000|
774012|0|0|0|0|0|0|137|136|
780711|8493|8388|||0|0|16316|14873|
780806|0|0|0|0|0|0|0|0|
784487|0|0|0|0|0|0|0|0|
785608|0|0|0|0|0|0|0|0|
780668|0|0|0|0|0|0|41609|39092|
780616|55090|45091|0|137871|1725464|1669974|2622|2678|
753378|0|0|0|0|0|0|0|0|
782900|0|0|0|0|0|0|0|0|
777510|0|0|0|0|0|0|0|0|
782078|23483|21432||0|0|0|17587|17757|
782180|0|0|0|0|0|0|0|0|
777583|83374|84229|0|0|0|0|6028|0|
779343|0|0|0|0|0|0|0|0|
782678|0|0|0|0|0|0|337|410|
782072|26333|121645|0|0|277623|239076|235220|223624|
782572|3598|3988|0||0|0|||
782903|0|0|0|0|0|0|0|0|
780800|5609|7910|||0|0|31037|39209|
782492||3304||0|0|0|5734|0|
782851|430243|556692||733484|0|0|196598|264303|
777486|0|0|0|0|0|0|0|0|
785631|0|0|0|0|0|0|0|0|
783023||0||278489|0|0|168116|253978|
782650|34981|44088||142400|178305|0|4519|4815|
780864|194140|266092|0|0|0|0|0|0|
755978|||||0|0|||
782737|749|0|0|0|0|0|0|0|
782873|147140|147155|727916|646937|0|0|0|0|
782627|0|0|0|0|0|0|0|0|
766081|0|0|0|0|0|0|2480|2155|
783066|||||0|0|640478|5295|
783012|0|0|0|0|0|0|0|0|
780713|0|0|0|0|0|0|0|0|
782791|0|0|0|0|0|0|0|0|
782594|0|0|0|0|0|0|0|0|
785325|0|0|0|195666|0|0|2844|1327|
782991|0|0|0|0|0|0|33770|10137|
785197|0|0|0|0|0|0|0|0|
782495|14541|15775|224592|217695||0|0|0|
783152|0|0|0|0|0|0|22161|28538|
770765|0|0|0|0|0|0|0|0|
781899|116|0|0|0|0|0|7639|7352|
780898|26656|30311|198353|176994|0|0|1842|8310|
782730|1269|3240|||0|0|52147|56588|
782330|45432|42687|0|0|0|0|0|19992|
783053|||8320|87083|0|0||0|
782122|0|0|0|0|0|0|8008|10395|
756212|20989|8955|||0|0|9756|8952|
777590|29634|34668|0|0|0|0|0|0|
777356|0|0|0|0|0|0|942|326|
782376|10673|14014|0|0|0|0|1500|2181|
785250|0|0|0|0|0|0|0|0|
782272|0|0|0|0|0|0|0|0|
782927|12015|31496||0|0|0|245675|85173|
783093|0||32500|0|0|0|0||
782461|0|0|0|0|0|0|0|0|
782839|12220|2998||0|0|0|16438|16860|
782797|7847|9164|0|0|0|0|55|459|
782417|33646|21764|0|0|0|0|19553|20211|
776431|0|0|0|0|0|0|0|0|
778065|0|0|0|0|0|0|0|0|
782252|0|0||0|0|0|13299|8690|
785612|126611|0|0||0|0|0||
766007|0||0||0|0|2341|2443|
785610|0|0|0|0|0|0|0|0|
782978|0|0|0|43350|0|0|2505|4051|
780895|590|0|0|0|0|0|0|0|
782973|135059|88763|0|0|0|0|576206|465531|
782679|0|0|0|0|0|0|1195|1195|
777778|0|0|||0|0|7172|4013|
783094|0|0|0|0|0|0|0|0|
744246|0|0|0|0|0|0|0|0|
782951|0|0|0|79612|0|0|383|4406|
780684|158113|99276|0|59520|0|0|19631|19744|
784432|0|0|0|0|0|0|0|0|
780567|0|0|0|0|0|0|0|0|
782543|0|0|0||0|0|3635|4864|
785452|0|0|0|0|0|0|0|0|
782716|16396|6671|4625|0|0|0|67093|67643|
785251|0|0|0|0|0|0|0|0|
782867|1691851|2439203|0|0|0|0|40491|595262|
782531|18886|46655|0|0|0|0|4549|2129|
782564|83245|40291|||0|0|4899|5861|
782271|487059|412425|0|603540|0|0|198663|220005|
782046|29260|109627|0|0|0|0|38245|32742|
781918|29480|108221|0|0|0|0|7023|9595|
777679|0|0|0|0|0|0|0|0|
782081|0|0|0|0|3259672|2160160|0|7634|
782856|0|0|0|0|0|0|305|469|
778138|25417|24272|0|16525|0|0|224|224|
782293|0||0|154473|0|154473|5816|5079|
782919|0|||133277|0|0|65210|63926|
777272|0|0|0|0|0|0|0|0|
782496|40712|40586||0|248376|242511|4489|6017|
782325|||||0|0|2094|1643|
779375|0|0|0|0|0|0|74|333|
757299|0|0|0|0|0|0|0|0|
782254|31689|25888|0|0|0|0|362543|337607|
782242|311542|285965|0|0|0|0|383600|372400|
784400||12383|||0|0|16|145|
776415|0|0|0|0|0|0|231|302|
782756|0|0|0|0|0|0|28398|0|
781893|0|0|0|0|0|0|0|0|
782548|0|0|0|0|0|0|260|0|
785518|0|0|0|0|0|0|0|0|
785377|0|0|0|0|0|0|0|0|
740213|0|0|0|0|0|0|1930|0|
776391|0|0|10000|10000|0|0|0|0|
773860|0|0|0|0|0|0|0|0|
770805|0|0|0|0|0|0|0|0|
783011|0|126968|||0|0|328848|483482|
782036|0|0||0|0|0|258293|132585|
782098|0|0|0|0|0|0|0|0|
782523|0|0|0|0|0|0|0|0|
778023|||144547|147137|0|0|4452|4239|
766102|0|9450|0|0|0|0|0|0|
782913|0|0|27816|124596|0|0|0|0|
782307|0|0|0|0|0|0|0|0|
782504||||||0|1476|1193|
755186|0|2616|0||0|0|2126|1838|
782041|56641|155759|0|0|0|0|254535|236207|
782909||||103402|0|0|14207|17929|
782017|10532|17809|0|0|0|0|9045|6214|
782290|1171|6867|0|0|0|0|0|4642|
781977|0|0|0|0|0|0|2065|2636|
780755|0|0|||0|0|128||
768541|0|0|0|0|0|0|0|0|
782030||||178922|0|0|67006|75326|
780701|4185|0|0|0|0|0|298001|307384|
783232||0|36199|23309|0|0|4184|2145|
766167|10279|11271|50000|19920|0|0|||
782411|0|0|0|0|0|0|0|0|
782889||8133||0|0|0|295|11533|
782110|4413|4575|||0|0|||
780876|38893|19415|12631|130697|0|0||130797|
783216|0|0||0|0|0|18863|16243|
782718|0|0|0|0|0|0|4772|14178|
773553|501|634|||0|0|||
777802|0|0|0|0|0|0|0|0|
782153|0|0|4508430|4601887|0|0|240980|274275|
780582|26935|149||0|0|0||364|
777553|||||0|0|5119||
782553|0|0||99750|0|0|32896|27259|
779376||||58455|0|0|77337|87378|
782838|0|0|0|0|0|0|0|0|
782713|0|0|0|0|0|0|20|0|
782699|0|0|0|0|0|0|133|216|
782285|0||0||6938371|6633550|1159977|990751|
778088|0|0|0|0|0|0|1139|1594|
782121|0|0|0|0|0|0|0|0|
780544|0|0|47371|37478|0|0|7334|9673|
773523|0||0||149195|0|779|91278|
778100|0|0|0|0|0|0|270|44|
783185|45793|13341|0||0|0|11150|11650|
785457|0|0|0|0|0|0|0|0|
780875|0|0|0|0|0|0|0|0|
754012|0|0|0|0|0|0|0|0|
781980|1250|1250|||0|0|7687|7321|
782740|0|0|0|0|0|0|0|0|
773401|0|0|0|0|0|0|0|0|
781924|0|0|0||0|0|296|314|
782997|14646|171495|0|0|0|0|12416|0|
782518||0||0|0|0|2212|2366|
783205|23103|35256|96125|94625|0|0|5017|0|
782781||0||150265|0|0|4370|6712|
782085||||119045|0|0|16633|7081|
780784|0|0|0|0|0|0|0|0|
773709|0|0|0|0|0|0|0|0|
773868|0|0|0|0|0|0|0|0|
782509|0|0|0|81384|0|0|471|5694|
782976|0||||0|0|1450|1450|
785391|0|0|0|0|0|0|0|0|
773421|26962|36788|||740393|718689|1|1|
785573||0|115137|77428|891502|814849|282572|290002|
780857|0||0|105568|0|0|2065|26851|
783167|0|0||0|0|0||0|
782217|0|0|0|0|0|0|544|768|
777357|0|0|0|0|0|0|0|0|
776593|0|0|0|0|0|0|0|0|
782494|||||0|0|||
782052|0||0||0|0|11333|25804|
782230|61487|63105|0|0|0|0|0|0|
783083|0|0|0||0|0|0||
783173|0|0|0|0|0|0|0|0|
781916|4441|19459|82957|268509|365000|350251||724|
780685|0|0|0|0|0|0|321|208|
783137|||||0|0|212247|200594|
782365|0|0|4137|0|0|0|0|0|
783296|11356|11279|0|0|0|0|0|0|
782116||0|1240000|1182950|0|0|238618|5406|
744210|0|0|0|0|0|0|1251|0|
782625|0|0|0|0|0|0|0|0|
780884|0|0|0|0|0|0|1520|1512|
783271|0|0|0|0|0|0|406|234|
782220|||||0|0|5449|5400|
776529|0|0|0|0|0|0|0|0|
785440|0|0|0|0|0|0|0|0|
780661|0|0|0|0|0|0|22720|20724|
773314|0|0|0|0|0|0|0|0|
755616|0|0|0|0|0|0|0|0|
782395|0|0|0|0|0|0|366|379|
782569|0|0|0|0|0|0|0|0|
778059|0|0|0|0|0|0|0|0|
785288|0|0|0|0|0|0|0|0|
776531|588|6703|0|0|0|0|0|0|
785469|0|0|0|0|0|0|0|0|
777794|40358|18395|0|0|0|0|0|0|
782502|0|0|0|0|0|0|0|0|
773755|||||0|0|3120|2742|
782297|0|0|0|0|0|0|2656|2436|
785407|0|0|0|0|0|0|2336|0|
777561|0|0|0|0|0|0|0|0|
783024|0|0|0|0|0|0|0|0|
782941|15850|24099|0|90777|0|0|17581|33089|
782133|0|0|0|0|0|0|6789|3979|
770917|0|14633|0|0|0|0|0|0|
782668||0|500000|500000|0|0|16605|17313|
780837|0|2643|0|87126|0|0|3134|3177|
740191|0|0|0|0|0|0|1034|0|
783182|0||||0|0|||
783013|0|0|0|0|0|0|0|0|
783108|0|0|0|0|0|0|3317|4313|
782601|0|0|||0|0|86881|76987|
782250|19935|26643|0||0|0|28807|25920|
781935|0|7116|0|0|0|0|1235|2065|
782883|0|0|0|0|0|0|0|0|
782112|0||||0|0|4767|5513|
781950|34855|54575|1113|0|0|0|27889|13554|
780881|0|0|0|0|0|0|0|0|
783028|||||0|0|3232|4722|
782826|0|0|0|0|0|0|1755|1824|
782810|38544|371661|0|0|0|0|5563|9283|
782397|1125|0|0|0|0|0|0|17|
782652|0|4460|0|94656|0|0|738|1413|
783160|0|0|0|0|0|0|0|0|
781891|0|0|0|0|0|0|0|0|
777785|||||0|0|624|964|
782660|133500|135000|0|0|0|0|39750|27157|
780745||0||26265|0|0|961|1057|
781953|0||0||0|0|4915|5660|
783292|||107292|120844|0|0|382||
777419|||||0|0|1200|1508|
777735|34634|38114|0||0|0|71702|107717|
777977|35324|15548|0|0|0|0||0|
783244|||||0|0|683||
768560|0|0|0|0|0|0|0|0|
754078|0|0|0|0|0|0|0|0|
785577|0|0|0|0|0|0|0|0|
782966|||||0|0|48731|56366|
756301|1208|165|0|0|0|0|0|0|
778031|1657|1203|0|0|0|0|0|0|
783164|18969|17295|||0|0|36062|55910|
782503|0|0|0|0|0|0|1610|2659|
783099|51162|36649|||0|0|55368|45455|
782960|0|0|0|0|0|0|661|531|
756479|0|0|0|0|0|0|191|17|
777277|0|0|0|0|0|0|0|0|
782931||0|||0|0|28107|79019|
755315|0|0|0|0|0|0|0|0|
783009|9202|15698|0|0|0|0|491|491|
783021|0|0|0|0|0|0|0|0|
773902|0|0|0|0|0|0|4413|3719|
781880|0|0|0|0|0|0|0|0|
785661||0||0|0|0|713|715|
777626|59639|41748|||0|0|5478|3075|
777765|0|0|0|0|0|0|0|0|
782025|0|32555|0|0|0|0|6253|6383|
782255|41952|139656|4957|0|180704|165519|8328|8031|
782335|0|0|0|0|0|0|0|0|
782854|||||0|0|1208|0|
777603|62567|54826||144143|253782|235486|293753|263494|
782588|0|0|0|0|0|0|0|0|
766208|87|13945|0|0|0|0|0|0|
785633|0|0|0|0|0|0|4064|3455|
782864|0|0|0|0|0|0|20121|13178|
769036|0|0|0|0|0|0|0|0|
781970|0|0|0|0|0|0|0|0|
779284|0|0|0|0|0|0|0|0|
782645|0|0|0|0|0|0|0|0|
782329|0||||0|0|25592|42735|
786995|0|0|0|0|0|0|36|221|
778109|255|2077||||0|3978|4235|
737748|5638|15980|0|0|0|0|0|0|
785439|0|0|0|0|0|0|173|164|
780763|0|0|0|0|0|0|0|0|
782102|69168|109261|||0|0|22914|43281|
780880|0|0|0|0|0|0|1303|2111|
784463|0|0|0|0|0|0|0|521|
785588|0|0|0|0|0|0|0|0|
782463|0|0|0|158500|0|0|0|0|
779383|||||0|0|210|32|
780715|25069|24207|||0|0|||
782621|0|0|||0|0|286|625|
782446|0|0|0|0|0|0|239|4327|
777602|0|0|0|0|0|0|0|0|
782139|||7563|0|0|0|12923|30106|
782672|78887|65510|||0|0|3081|10652|
780775|0|0|0|0|0|0|0|0|
782298|0|0|0|0|0|0|0|0|
782368|0|0|0|0|0|0|0|0|
780575|0|0|0|3258|0|0|14588|14994|
783230|||||0|0|529|1014|
766153|10494|0|||0|0|18397|3737|
770903|0|0|0|0|0|0|0|0|
783034|0|0|0|0|0|0|0|0|
782166|0|0|0|0|0|0|1143|1508|
777559|0|0|0|0|0|0|0|0|
766026|41491|52431|||0|0|801840|1753790|
785191|0|0|0|0|0|0|0|0|
783181|||||0|0|72819|67758|
777848|3481|0|0|0|0|0|116984|115289|
783081|8333|6304|0|0|0|0|231415|237148|
783002|162966|162966|||0|0|412788|735286|
769034|0|0|119|119|0|0|0|0|
757284|35963|38666|0|0|0|0|64904|52584|
782754|0|0|0|0|0|0|0|0|
782266|0|0|0|0|0|0|0|0|
782628|0|0|0|0|0|0|269|0|
780714|0|0|0|0|0|0|0|0|
782571|0|0|0|0|0|0|168|170|
780762|5750|5676|0|0|0|0|1477|1246|
777799|0|0|0|0|0|0|0|0|
777995|0|0|0|0|0|0|0|0|
782611|0|0|0|0|0|0|0|0|
783121|73970|12456|||0|0|40861|44141|
777751|44504|46886|0|0|0|0|0|0|
784405|0|0|0|0|0|0|0|0|
783075|86928|300948||0|2235126|2157196|2316568|2531059|
773998|0|0|0|0|0|0|0|0|
782843|115616|114479|||0|0|41329|28928|
785480|0|0|0|0|0|0|0|0|
787003|0|0|0|0|0|0|0|0|
782654|0|0|0|0|0|0|0|0|
780758|3917|8337||0|0|0||240|
780565|||||0|0|||
782662|154154|33356|0|0|1978312|1939958|399194|370187|
780731|||||0|0|||
756340|0||399132|358238|0|0|||
754735|0|0|0||0|0|1501|1549|
782489|0|0|890467|751969|0|0|0|0|
782635|0||0||0|0|2274|2352|
782816|0|0|0|0|0|0|0|0|
782970|0|0|0|0|0|0|0|0|
782515|115962|114647|0|520833|0|0|2201211|2215506|
779369|33652|37574|||0|0|||
756469||0||0|0|0|240|240|
782510|||||0|0|||
785621|0|0|0|0|0|0|0|0|
777432|862|2541|0|0|0|0|20082|15240|
785187|||||0|0|3488|1014|
785355|0|0|0|0|0|0|0|0|
777754|0|0|0|0|0|0|0|0|
785390|0|0|0|0|0|0|0|0|
741633|0|0|0|0|0|0|0|0|
782844|0|0|0|0|0|0|2699|5965|
777811|92555|87493|0|0|0|0|207265|326567|
756395|0|0|0|0|0|0|0|0|
777494|||||0|0|||
785515|4004|3515|0|0|0|0|6595|6833|
753944|0|0|0|0|0|0|0|0|
782352|40523|40231|0|0|0|0|3760|19570|
782064|0|0|0|0|0|0|0|0|
780768|0|0|0|0|0|0|0|0|
776570|0|0|0|0|0|0|0|0|
780697|||||0|0|1707|2015|
782479|0|0|0|0|0|0|0|0|
782283|||5191|0|0|0|8178|25178|
777740|0|0|0|0|0|0|0|0|
782248||0||0|0|0|1254|3317|
766158|0|0|0|0|0|0|0|0|
782431|0|0|0|0|0|0|0|0|
782528|0|0|0|0|0|0|0|0|
776549|0|0|0|0|0|0|0|0|
782137|92694|80753||244476|0|0|9395|30914|
755173|0|0|0|0|0|0|0|0|
782592|0|0|||0|0|95159|74143|
782147||40820|||0|0|1244|1507|
782136|6526|884|0|0|0|0|3822|3704|
777468|0|0|0|0|0|0|640|792|
782888|5359|13474|||0|0|23610|258869|
787000|3802|1244|0|0|0|0|0|0|
782608|0|0|0|0|0|0|0|0|
783001|27888|48000|0||0|0|257273|108579|
785228|0|0|0|0|0|0|0|0|
782560|0|0|0|0|0|0|27843|28201|
785456|0|0|0|0|0|0|0|0|
777861|0|0|0|0|0|0|0|0|
776615|0|0|0|0|0|0|0|280|
755458|0|0|0|0|0|0|0|0|
782885|21716|14995|0|0|0|0|58889|54759|
782048|0|0|0|256067|0|0|0|0|
782587||0||0|0|0|40619|36172|
741505|0|0|0||0|0|4396|2523|
773295|0|0|0|0|0|0|0|0|
774023|0|0|0|0|0|0|0|1618|
781996|0|0|0|0|0|0|0|0|
785369|0|0|0|0|0|0|0|0|
756022|0|0|0|0|0|0|0|0|
782670||0|||0|0|5542|5574|
786983|0||0||128531|116474|0||
755672|0|0|0|0|0|0|0|0|
777913|0|0|0|0|0|0|0|0|
765215|592767|521968|47320|16978|0|0|170199|207795|
782303|0|12504|||0|0|822725|271190|
766188|9618|10529|0|0|0|0|147218|144314|
782067|0|1185|0|0|0|0|75|75|
777810|0|0|0|0|0|0|0|0|
779326|0|0|0|0|0|0|0|0|
777775|0|0|0|0|0|0|0|0|
783158|0|0|0|0|0|0|0|0|
785246|0|0|0|0|0|0|0|0|
782661|0|0|0|0|0|0|0|0|
741671|0|0|0|0|0|0|1375|0|
783051|0|0|0|0|0|0|0|0|
777343|323703|342161|130932|0|0|0|52710|39157|
780842|0|0|0|0|0|0|0|0|
780807|0|0|0|0|0|0|0|0|
757295|0|5941|0|0|0|0|371|554|
783147|0|0|0|0|0|0|3882|3881|
782818|0|0|0|0|0|0|0|0|
781925|||||0|0|1213|984|
782655|0|863|0|0|0|0|0|0|
769000|0|0|0|0|0|0|0|0|
780890|0|0|0|0|0|0|0|0|
782554|68787|2987|0||0|0|31797|30670|
766048|492155|174948|0|0|0|0|1068121|1291467|
782092|0|0|0|0|0|0|0|0|
782501|1534|6028|0|0|0|0|6472|7486|
782168|0|0|0|0|0|0|0|0|
768493|0|0|0|0|0|0|0|0|
785602|0|0|0|0|0|0|0|0|
782032|||||0|0||215|
783153|0|0|0|0|0|0|0|0|
756211|0|0|0|0|0|0|0|0|
741757|0|0|0|0|0|0|0|0|
780761|0|0|0|0|0|0|0|0|
777673|0|0|0|0|0|0|0|0|
783157|0|0|0|0|0|0|0|0|
766052|||||0|0|||
779281||0||0|0|0|5047|10101|
782703|19077|12099|0|0|0|0|0|0|
784502|0|0|0|0|0|0|0|0|
785356|0|0|0|0|0|0|0|2182|
782602|0|0|0|0|0|0|0|0|
773997|0|0|0|0|0|0|0|0|
773995|0|0|0|0|0|0|0|0|
778141|0|0|0|0|0|0|301|510|
785523|||||0|0|||
785554|||||0|0|||
773275|0|0|0|0|0|0|5839|6453|
785519|0|0|0|0|0|0|0|0|
782929|0|980|||0|0|||
782100|179355|270271|374084|481572|0|0|2051992|2299768|
785513|0|0|0|0|0|0|0|0|
784392|0|0|0|50860|0|0|0|0|
776454|441565|419786|||0|0|||
773555|0|0|0|0|0|0|0|0|
773458|0|0|0|0|0|0|0|0|
782433|0|0|0|0|0|0|0|0|
782095|0|0|0|0|0|0|0|0|
773967|0|0|0|0|0|0|0|0|
782336|648442|1415760|0|0|0|0|18142969|26881240|
756419|0|0|0|0|0|0|0|0|
777851|81|0|0|0|0|0|0|0|
782774|0|0|0|0|0|0|369066|395103|
782821|0|0|0|0|0|0|0|0|
779336|||||0|0|1581|1629|
782542|0|0|0|0|0|0|0|0|
766058|0|0|0|0|0|0|0|0|
785331|0|0|0|0|0|0|0|0|
782829|||||0|0||169|
780676|||||0|0|||
782498|0|0|0|0|0|0|2819|3266|
777594|||166139|224797|0|0|713937|1153531|
780752|0|0|0|0|0|0|0|0|
777628|0|0|0|0|0|0|0|0|
780878|0||0||0|0|9407|11268|
785517|0|35117|0|0|0|0|3550|0|
777795|0|0|0|0|0|0|0|0|
782128|0|0|0|0|0|0|0|0|
782059|0|0|0|0|0|0|0|0|
785199|17757|10568|148752|0|0|0|6795|78952|
782923||||35654|0|0|37343|34660|
782632||37345|||0|0|9426|8019|
785638|0|0|0|0|0|0|0|0|
785488|||24184|0|0|0|34078||
773715|0|0|0|0|0|0|0|0|
778137|||89873|153972|216934|0|900||
784442|0|0|0|0|0|0|0|0|
782517|0|0|0||0|0|1052|1224|
780732||0|428786|512355|0|0|6038|3358|
780639|0|0|0|0|0|0|0|0|
783029|0|0|170367|170367|0|0|113|51618|
779373|0|0|0|0|0|0|0|0|
742727|2866|0|0|0|0|0|496|0|
783183|0|0|0|0|0|0|0|0|
755593|0|0|0|0|0|0|0|0|
782473|0|0|0|0|0|0|0|0|
757298|0|0|0|0|0|0|0|0|
782731|0|0|0|0|0|0|0|0|
782231|13735|10926|0|0|454458|214196|115280|110776|
782584|0|0|0|0|0|0|0|0|
768975|0|0|0|0|0|0|0|0|
785261|0|0|0|0|0|0|0|0|
766189|0|10707|||0|0|214491|174070|
776595|0|0|0|0|0|0|0|0|
740092|0|0|0|0|0|0|0|0|
767150|0|0|0|0|0|0|0|0|
782735|0|0|0|0|0|0|0|0|
782288|121150|253696|36765|814310|99655|94062|482313|58231|
766001|0|0|0|0|0|0|0|0|
773850|0|0|0|0|0|0|0|937|
777898|0|0|0|0|0|0|0|0|
777790|10286|0|0|0|0|0|441|0|
782555|0|0|0|0|0|0|0|0|
782226|19508|12829|0||189787|181222|105606|84733|
783079|0|0|0|0|0|0|79686|75686|
780749|0|0|0|0|0|0|0|0|
766202|0|0|||0|0|2741|257|
785215|0|0|0|0|0|0|0|0|
755859|0|0|0|0|0|0|0|0|
782817|0|0|0|0|0|0|0|0|
782172|0|0|0|0|0|0|0|0|
782680|27504|26930|20138|60281|0|0|48866|45548|
757293|72|3278||0|0|0|30898|48042|
777604|0|0|0|0|0|0|0|0|
785502|18171|5897|0|0|0|0|37753|0|
783131|0|0|0|0|0|0|0|0|
782497|708747|654029|181432|29250|539971|474312|58950|239305|
780894|0|0|0|0|0|0|0|0|
741673|0|0|0|0|0|0|75|0|
773805||0||0|0|0|2158|0|
773479|506|1760|||0|0|20176|20225|
770860|15446|18834|13069|0|0|0|0|2539|
777563|0|0|0|0|0|0|0|0|
777793|0|0|41103|139200|0|0|55482|66424|
782591|1640506|2001509||0|0|0|396216|375598|
782113|||||0|0||75|
777500|0|0|0|0|0|0|7005|8282|
782163|7309|6936||0|0|0|16053|2210|
785430|148000|410000|0|440085|3836913|3704529|6391|12213|
780845||0|||0|0|1232|961|
782766|45219|504021|0|0|0|0|146065|163077|
785585|0|0|0|0|0|0|0|0|
782656||0||0|0|0||0|
782910|0||0||0|0|1815|2252|
783052|0|0|0|0|0|0|0|0|
765243|0|0|0|30000|0|0|83349|79886|
781910|||||0|0|82930|72245|
782476|23409|1427|6419|23626|0|0|0||
782042|0|0|0|52930|0|0|0|1102|
776573|||9441|6708|0|0|||
782868|0|0|0|0|0|0|5025|2378|
785499|0|0||0|0|0|22646|10955|
783196|1247|1775|0|0|0|0|0|0|
782586|0|0|0||0|0|0||
780687|0|0|0|0|0|0|0|0|
783014|||||0|0|4961|6463|
782551|379|0|0|0|0|0|105867|30634|
782256|18072|23522||0|0|0|63486|74525|
782862|46694|41203|0||0|0|2369|3246|
780580|||||0|0|48969|62974|
755426|0|0|0|0|0|0|0|0|
782026|0|0|0|0|0|0|0|0|
782055|22623|20077|0|0|0|0|274|1180|
782407|0|0|0|0|0|0|0|0|
782319|26667|0|0|0|0|0|10399|15003|
778040|||28438|24115|0|0|504|431|
782828|33840|11954|258205|204587|0|0|47965|42098|
780885|0|0|0|0|0|0|203|343|
768490|108230|124560|0|0|0|0|0|0|
777834|0|0|0|0|0|0|0|0|
782069|31694|32822||106267|0|0|4185|4154|
782739||||||0|50|50|
782241|0||||0|0|||
770848|0|0|0|0|0|0|0|0|
773863|0|0|0|0|0|0|0|2542|
784437|0|0|0|0|0|0|0|0|
780839|38244|34191|0|0|0|0|80488|75951|
755665|0|0|0|0|0|0|0|0|
753754|0|0|0|0|0|0|0|0|
782474|21238|26718|0|0|0|0|133619|136154|
780879|0||0||0|0|0||
783169|1238|2780|0|76081|0|0|5652|2|
777309|0|0|0|0|0|0|0|0|
755716|||253658|241330|0|0||0|
741670|0|0|0|0|0|0|592|0|
782472|4049|4347|0||0|0|12221|9760|
782269|123813|122579|0|0|0|0|78160|81416|
780598|0|0|0|0|0|0|0|0|
783000|0||0||0|0|0||
754281|0|0|20000|20000|0|0|129499|0|
782578|0|0||0|0|0|689|776|
778082|0|0|0|0|0|0|182|344|
777905|0|0|0|0|0|0|822|20998|
783236|0|0|0|0|0|0|0|0|
782636|0|0|0|0|0|0|598|0|
779387|0|0|0|197865|0|0|4363|9750|
780557|0|0|0|0|0|0|19704|21183|
782287||||371060|0|0|9490|3023|
782684|1956049|786924|15869550|0|0|0|10546797|12944296|
782488|||||0|0|||
783288|171596|177066|||0|0|17572|13998|
778103|0|0|0|0|0|0|13698|14056|
754349|0|0|0|0|0|0|0|0|
782921|0||0||0|0|58272|55805|
755354|0|0|0|0|0|0|0|0|
782999|3308|1599|||0|0|11481|11481|
782124|72547|88892|0|0|0|0|159|368|
753556|0|0|0|0|0|0|0|0|
785346|0|0|0|0|0|0|0|0|
782075|0|0|0|0|0|0|0|0|
783085|0|0|0||0|0|8253|5280|
783260|0|0|0|0|0|0|0|0|
785412|0|0|0||0|0|23952|12609|
783177|0|0|0|0|0|0|901|787|
783171|||||0|0|20555|24268|
753805|0|0|0|0|0|0|0|0|
783114|||||0|0|0||
777783|0|0|0|0|0|0|2350|1878|
784472|0|0|0|0|0|0|0|0|
782767|||||0|0|36000|32000|
785453||625||0|0|0|1121|215|
782305|153|206||0|0|0||0|
777416|||||0|0|30307|30070|
782590|1971|1036|0|78332|0|0|0|0|
773309|728638|387550||0|0|0|42152|47961|
783208|0|0|0|0|0|0|0|0|
782677|0|0|0|0|0|0|8212|8468|
782080|0|1956|0|0|0|0|407|428|
782010|0|0|0|0|0|0|3820|6081|
782789||7985|500542|472084|0|0|1017|1253|
782566|0|0|180072|155312|0|0|0|1387|
782087|0|0|0|0|0|0|2648|352|
741636|0|0|0|0|0|0|0|0|
755323|||||0|0|||
782211|94456|31924|0|0|0|0|8500|2513|
741676|0|0|0|0|0|0|10|0|
782245||0||0|0|0|992|419|
781989|||19924|15426|0|0||661|
782013|0|0|0|0|0|0|18321|21351|
781892|0|0|0|0|0|0|5130|5572|
781967|16157|32943|||0|0|139|0|
782928|0||0||0|0|1337|1388|
780653|0|0|0|0|0|0|741|777|
782304|67913|79767||144005|0|0|26654|28643|
782310|22207|24650|0|0|0|0|0|0|
782859|0|0|0|0|0|0|21752|19953|
782058|||||0|0|3179798|3659780|
782239|89444|118627|||0|0|168689|182322|
783008|826912|808998|0|1545864|2757345|1870190|13826|11857|
782824|0|0|||0|0|38847|62633|
781995|50100|107810|8474|5811|0|0|45927|55253|
783071|||||0|0|||
785185|0|0|0|0|0|0|0|0|
756069|0|0|0|0|0|0|2423|3611|
777852||||||0|318|58|
780872|992592|966518|0|5617355|0|0|2048134|1975938|
756478||0|||0|0||18000|
782280|387560|825928|0|0|0|0|1302923|1275153|
753558|0|0|0|0|0|0|0|0|
785543|170476|260043|2856033|2969855|0|0|62370|67270|
782521|78549|98288|||0|0|||
785196|0|0|0|0|0|0|0|0|
757340|0|0|0|0|0|0|0|0|
777608|0|0|0|0|0|0|0|0|
779313|0|0|0|0|0|0|0|0|
779315|0|0|0|0|0|0|0|0|
782891|0|0|0|0|0|0|0|0|
784425|0|0|0|0|0|0|0|0|
766236|0|0|0|0|0|0|0|0|
785207|0|0|0|0|0|0|0|0|
782879|232790|380240|0|0|0|0|0|0|
756324|0||0||0|0|||
782442|0|0|||0|0|2765|2921|
780770||0||0|0|0||0|
773874|281|281|0|0|0|0|0|0|
744263|0|0|0|0|0|0|142671|167671|
776509|0|0|0|0|0|0|167671|167671|
782663|0|0|0|0|0|0|0|0|
773319|72952|112844|||0|0|||
777540|0|0|0|0|0|0|0|0|
783140|||||0|0|||
777577|0|0|0|0|0|0|0|0|
780576|0|0|0|0|0|0|0|0|
784433|0|0|0|0|0|0|0|0|
782019|0|0|0|0|0|0|2351|2988|
778022|0|0|0|0|0|0|0|0|
782607|7106|57990|0|0|0|0|91838|82218|
783189|13513|20247|0||0|0|0||
773756|0|0|0|0|0|0|0|0|
783098|38441|18897|0|117095|309929|291021|126|0|
782396|0|0|0|0|0|0|0|0|
778591|0|0|0|99172|0|0|1050|8412|
773385|0|0|0|0|0|0|0|0|
782711|0|0|0|0|0|0|0|0|
782392|76|0|0|0|0|0|0|0|
782850|0|0|0|0|0|0|0|0|
782676|||||0|0|8360||
777454|0|0|0|0|0|0|0|0|
776583|0|0|0|0|0|0|0|0|
777506|0|0|0|0|0|0|0|0|
765238|||108446|286535|0|0|20410|22961|
766038|0|0|0|0|0|0|0|0|
777511|0|0|||0|0|||
777289|0|0|0|0|0|0|0|0|
777514|0|0|0|0|0|0|0|0|
782893|54906|39401||433275|0|0|3192|3192|
777469|||||0|0|||
782126|0|0|0|0|0|0|18595|33103|
774018|0|0|0|0|0|0|0|0|
783074|0|0|0|0|0|0|0|0|
767181|0|0|0|0|0|0|0|0|
785619|0|0|0|0|0|0|0|0|
777711|0|0|0|0|0|0|0|0|
782106|0|0|0|36156|0|0|777|0|
777825|65642|67578|0||0|0|54591|54591|
770904|0|0|0|0|0|0|0|0|
782949|||142045|25449|0|0|||
782399|0|0|0|0|0|0|0|0|
773399|0|0|0|0|0|0|0|0|
785374|0|0|0|0|0|0|0|0|
785181|0|0|0|0|0|0|0|0|
782576|19957|15899|||0|0|||
783211|14102|10208|0|0|0|0|0|0|
782651|||||0|0|||
782083|55907|146652|1407065|1341354|0|0|284510|268022|
782956|19379|6305|0|0|0|0|225295|333888|
782691|||||0|0|||
782466|0|0|0|0|0|0|0|0|
785268|0|0|0|0|0|0|0|0|
777247|0|0|0|0|0|0|1901|1598|
766057|0|0|0|0|0|0|0|0|
777451|0|0|0|0|0|0|0|0|
777611|0|0|||0|0|||
780637|0|0|0|0|0|0|0|0|
778099|0|0|0|0|0|0|0|0|
778107|0|0|0|0|0|0|0|0|
777488|0|0|0|0|0|0|0|0|
782056||0||0|0|0||0|
756428|0|0|0|0|0|0|0|0|
782998|0|0|0|0|0|0|0|0|
757296|0|0|0|0|0|0|0|0|
780776|0|0|0|0|0|0|0|0|
782911|36389|22408||0|0|0|51692|70858|
756323|0|0|0|0|0|0|0|0|
783096|0|0|0|0|0|0|0|0|
785383|0|0|0|0|0|0|0|0|
782176|0||149900|266041|0|0|0|1534|
782270|0|0|0|0|0|0|610|660|
781881|0|0|0|0|0|0|0|0|
782378|0|0|0|497000|1072827|1021922|0|0|
777643|0|0|0||0|0|0||
777330|0|0|0|0|0|0|0|0|
767223|0|0|0|0|0|0|0|0|
777646|0|0|0|0|0|0|4000|9632|
782701|0|0|0|0|0|0|5400|0|
783253|0|0|0|0|0|0|0|0|
786975|0|0|0|0|0|0|0|0|
782784|0|0|0|0|0|0|0|0|
783178|0|0|0|0|0|0|0|0|
782942|0|0|0|0|0|0|0|0|
783064|17852|25160||0|0|0|145648|53443|
782118|0|0|0|0|0|0|0|0|
785468|0|0|0|0|0|0|0|0|
756400|0|0|0|0|0|0|0|0|
783010|1908|741|0|0|0|0|0|0|
756329|0|0|0|0|0|0|0|0|
782383|||||0|0|||
782870|76591|51883|0|0|0|0|524132|527544|
768577|0|0|0|0|0|0|0|0|
756527||0|0|52680|0|0|0|0|
780848|0|0|0|0|0|0|117|589|
785483|86237|140094|||1112157|970167|4758|20165|
782480|383292|404955|0||0|0|8482|18142|
780559|0|0|111900|111900|0|0|0|0|
782403|0|0|0|0|0|0|0|0|
785260|0|0|0|0|0|0|0|0|
782906|0|6064||64893|0|0|5189|6385|
779386|0|0|0|0|0|0|0|0|
783134|0|0|0|0|0|0|0|0|
782246|0|0|0|0|0|0|0|0|
755825|13627746|24561|0|0|5088435|3438132|254199668|183533762|
785634|0|0|0|0|0|0|0|0|
782519|0|0|0|0|0|0|0|0|
773818|0|0|0|0|0|0|0|0|
755740|2797|2785|||0|0|||
782811|0|0|0|0|0|0|0|0|
777550|0|0|0|0|0|0|13109|12576|
766201|0|0|0|0|0|0|5400|0|
782401|||||0|0|||
785521||0||0|0|0||0|
782235|0|335|0|0|0|0|0|0|
782150|15919|46694||0|0|0||0|
781955|||||0|0|1934|3943|
782161|0|0|0|0|0|0|18546|18011|
773313|0|0|0|0|0|0|0|0|
782963|89432|0|0|166790|0|0|45770|191410|
766120|0|0|0|0|0|0|0|0|
782435|0|0|0|0|0|0|0|0|
755855|0|0|0|0|0|0|0|0|
757303|0|0|0|0|0|0|0|0|
782967|0|0|0|0|0|0|0|0|
785309|0|0|0|0|0|0|0|0|
754429|0|0|0|0|0|0|0|0|
777232|0|0|0|0|0|0|0|0|
785482|0|0|0|0|0|0|0|0|
777814||0||0||0||0|
767157|0|0|0|0|0|0|0|0|
777365|0|0|0|0|0|0|0|0|
770926|0|0|0|0|0|0|0|0|
777667||0||0|0|0|42098|33549|
773799|0|0|0|0|0|0|250|400|
782105|636|7580|||0|0|100010|110455|
777581|0|0|0|0|0|0|0|0|
756495|0|0|0|0|0|0|0|0|
777462|0|0|0|0|0|0|0|0|
784435|15089|13993|0|0|0|0|0|0|
766261|0|0|0|0|0|0|0|0|
757291|1126|1116|0|0|0|0|0|0|
782117||0||251351|0|0||0|
782575|||||0|0|15356|65522|
783251|0|0|0|0|0|0|0|0|
757337|||||0|0|||
768477|0|0|0|0|0|0|0|0|
780655|0|0|0|0|0|0|0|0|
766265|0|0|0|0|0|0|0|0|
785552|192318|185009|40023|15157|0|0|||
777413|0|0|0|0|0|0|0|0|
781921|8342|15365|||0|0|||
756359|0|0|0|0|0|0|0|0|
781896|0|0|0|150451|0|0|627965|539416|
783206|0|2263|0|0|0|0|0|0|
755948|||||0|0|||
783161|2292|10435||0|1603506|1563355|74639|212124|
777654|0|0|0|0|0|0|0|0|
782945|0|0|0|0|0|0|3218|2326|
777304|0|0|0|0|0|0|0|0|
777407|0|0|0|0|0|0|0|0|
782218|0||||0|0|||
785276|0|0|0|0|0|0|0|0|
779295|50580|42660|0|0|0|0|0|0|
768558|0|0|0|0|0|0|0|0|
784468|0|0|0|0|0|0|0|0|
768523|0|0|0|0|0|0|0|0|
752457|0|0|0|0|0|0|0|0|
766262|0|0|0|0|0|0|244|898|
756346||0||0|0|0||0|
785589|0|0|0|0|0|0|0|0|
756394|0|0|0|0|0|0|0|0|
754389|0|0|0|0|0|0|0|0|
782831|0|0|0|0|0|0|0|0|
783258|0|0|0|0|0|0|0|0|
777400|0|0|0|0|0|0|685|5946|
784426|0|0|0|0|0|0|0|0|
773363|0|0|0|0|0|0|1394|1702|
780587|||513700|0|0|0|25072|28909|
782925|0|0|25000|0|0|0|0|0|
753632|0|0|0|0|0|0|0|0|
782589|2321|2606|226446|218979|0|0|0|0|
777453|0|0|0|0|0|0|0|0|
782044|0|0|0|0|0|0|0|0|
782049|0|0|0|0|0|0|0|0|
785593|0|0|0|0|0|0|0|0|
740091|0|0|0|0|0|0|0|0|
773885|68992|0|0|0|0|0|0|0|
753890|0||0||0|0|0||
773299|0|0|0|0|0|0|0|0|
777791|0|0|0|0|0|0|0|0|
782993|321128|403603|0|0|0|0|1859334|2018885|
777405|0|0|0|0|0|0|0|0|
778135|0|0|0|0|0|0|0|0|
784403|0|0|0|0|0|0|86|86|
777541|0|0|0|0|0|0|0|0|
773723|7287||0||0|0|0||
781999|0|0|0|0|0|0|0|0|
779322|||||0|0|||
785172|0|0|0|0|0|0|0|2988|
755950|0|0|0|0|0|0|0|0|
777632|0|0|0|0|0|0|0|0|
778090|0|0|0|0|0|0|392|431|
754751|852|1048|0|0|0|0|131572|131572|
777862|0|0|0|0|0|0|0|0|
782708|0|0|0|0|0|0|208|208|
773721|188576|181776|0|0|0|0|0|0|
783080|0|0|0|0|0|0|0|0|
782134|17517|32832||0|0|0|20|430|
782688|197997|264962|||0|0|1077875|1025998|
785408|0|0|0|0|0|0|0|0|
781966|0|0|0|0|0|0|940|17|
756276|0|0|0|0|0|0|0|0|
782614|48801|89344|0|0|0|0|46172|82195|
785536|0|0|0|0|0|0|0|0|
783144|0|0|0|0|0|0|0|0|
741669|86|0|0|0|0|0|0|0|
782018|0|0|0|96064|0|0|3722|3488|
785501|101063|44463||0|0|0||11760|
783132||0|||0|0|||
776476|0|0|0|0|0|0|0|0|
777904|0|0|0|0|0|0|6537|7018|
782901|109927|152643|0|74420|0|0|113|0|
773341|0|0|0|0|0|0|0|0|
781968|0|0|0|0|0|0|333|351|
781975||0||0|0|0|28581|26403|
782115|732|5226|0||0|0|0||
782154|||||0|0|||
780753|0|0|||0|0|||
780641|0||0||0|0|6750|9750|
782314|||||0|0|17||
777312|0|0|0|0|0|0|0|0|
782181|805|558||0|0|0|7271|750|
780833|0|0|0|0|0|0|0|0|
782769|||||0|0|5569|12216|
782022|0|0|0|0|0|0|0|0|
781963|0|0|||0|0|1129|1140|
778087|0|0|0|0|0|0|1496|200|
780862|0|0|0|0|0|0|0|0|
781973|0|0|0|0|0|0|206|212|
782465||1587|||0|0|963||
782639||0|||0|0|||
773960|||||0|0|1622|891|
774027|||||0|0|1684|3568|
777742|||||0|0|3658|3278|
782516|0|0|0||0|0|0||
777815|||||0|0|288|291|
780896||||662080|0|0|0|15366|
779314|0|0|0|0|0|0|0|0|
782274|0|0||0|0|0|33644|33640|
779379|0|0|0|0|0|0|809|942|
781979||||75719|0|0|29404|25148|
782094|0|0|||0|0|1213|1881|
782006|0|0|||0|0|0|2058|
780636|||||0|0|||
780536|0|0|0||0|0|2279|2937|
782167|58288|73060|460922|545431|0|0|11178|12070|
766156|0|0|1274|1620|0|0|0|0|
782427|1262636|997728|0|0|0|0|119288|152559|
780705|9050||||0|0||8545|
782398|0|0|||0|0|13981|4119|
782526|10654|182239|||6082716|5878844|10478|10441|
782470|0|0|0|0|0|0|0|0|
785476|0|0|0|0|0|0|0|0|
780695|0|0|0||0|0|1678|1890|
770861|0|0|0|0|0|0|0|0|
756268|0|0|0|0|0|0|0|0|
782267|0|0|0|0|0|0|2559|575|
780599|0|0|0|0|0|0|645|775|
785322|0|0|0|0|0|0|0|0|
782803|0|0|0|0|0|0|14388|13582|
782129|0|0|0|0|0|0|1254|1552|
785217|0|0|0|0|0|0|0|0|
773773|3161602|713399||10000000|0|0|322490813|485630993|
768543|0|0|0|0|0|0|0|0|
777320|0|0|0|0|0|0|0|0|
777290|0|0|0|0|0|0|0|0|
782332|0|0|0|0|0|0|888|915|
777269|0|0|||0|0|||
782027|0|0|0|0|0|0|7119|15840|
782063|0|0|0|0|0|0|0|0|
766066|0|0|0|0|0|0|0|0|
782557|0||0||0|0|0||
738190|||||0|0|||
777423|0|0|0|0|0|0|0|0|
777551|0|0|0|0|0|0|0|0|
785359|0|0|0|0|0|0|0|13237|
782958|0|0|0|0|0|0|3377|2566|
782884|0|0|0|0|0|0|5679|5955|
773519|0|0|0|0|0|0|0|0|
770769|0|0|0|0|0|0|0|0|
777912|0|0|0|0|0|0|6614|9207|
783033||||153856|0|0|||
782612|0|0|0|0|0|0|0|0|
782123|||||0|0|1119|1845|
782561|29150|4377|0|0|0|0|0|0|
766228|0|0|0|0|0|0|0|0|
766209|0|0|0|0|0|0|0|0|
783102|0|0|0|0|0|0|0|0|
780859|0|0|0|0|0|0|0|0|
780550|459|447|0|0|0|0|0|0|
767129|0|0|0|0|0|0|0|0|
766263|0|0|0|0|0|0|0|0|
766085|0|0|0|0|0|0|0|0|
768488|0|0|0|0|0|0|0|0|
754706|0|0|0|0|0|0|31|31|
784483|49404|61778|0|0|0|0|0|0|
753721|0|0|0|0|0|0|0|0|
766116|1110593|797179|0||11045744|10195732|24799196|19820396|
756358|0|0|0|0|0|0|12964|7885|
787008|0|0|0|0|0|0|0|0|
777317|0|0|0|0|0|0|0|0|
756316|0|0|0|0|0|0|0|0|
777408|0|0|0|0|0|0|0|0|
777600|0|0|0|0|0|0|0|0|
777287|0|0|0|0|0|0|0|0|
777406|0|0|0|0|0|0|0|0|
777547|0|0|0|0|0|0|0|0|
777663|19325|22149|0|0|0|0|0|0|
783210|30349|37572|0|0|0|0|3129|3724|
779349|0|0|0|0|0|0|510|463|
784503|0|0|0|0|0|0|0|0|
782183|||||0|0|216|1218|
785194|0|0|0|0|0|0|0|0|
780897|||||0|0|2759|4364|
785576|0|0|0|0|0|0|0|0|
773879|||||0|0|||
785535|0|0|0|0|0|0|917|946|
767192|0|0|621|0|0|0|0|0|
777480|0|0|0|0|0|0|0|0|
783227|0|0|3103|3103|0|0|0|0|
770911|0|0|0|0|0|0|0|0|
770863|0|0|0|0|0|0|0|0|
770747|0|0|0|0|0|0|0|0|
766054|0|0|0|0|0|0|25|25|
768404|0|0|0|0|0|0|0|0|
778091|0|0|0|0|0|0|0|0|
785417|0|0|0|0|0|0|0|0|
782320|0|0|0|0|0|0|0|0|
782037|0|0|0|0|0|0|0|0|
773876|0|0|0|0|0|0|0|0|
782841|0|0|0|0|0|0|0|0|
768489|0|0|0|0|0|0|0|0|
773410|0|0|0|0|0|0|0|0|
780777|0|0|0|0|0|0|0|0|
785555|0|0|0|0|0|0|933|764|
766119|0|0|0|0|0|0|0|0|
770881|0|0|0|0|0|0|0|0|
782453|0|0|0|0|0|0|0|0|
776560|0|0|0|0|0|0|0|0|
784450|179248|13947|||0|0|658287|257480|
777631|0|0|0|0|0|0|0|0|
766014|0|0|0|0|0|0|0|0|
770876|0|0|0|0|0|0|0|0|
782323|0|0|0|0|0|0|0|0|
766068||0||0|0|0||0|
773358|0|0|0|0|0|0|0|0|
773714|0||0||0|0|0||
777538|0|0|0|0|0|0|0|0|
782500|0||0||0|0|1000||
782833||0|||0|0|75373|75373|
783124|0|0|0|0|0|0|0|0|
780866|0|0|0|0|0|0|934|800|
779371|1994|0|||0|0|||
783240|0|0|0|0|0|0|0|0|
777800|0|0|0|0|0|0|0|0|
785365|0|0|0|0|0|0|0|0|
776497|0|0|0|0|0|0|0|0|
777403|0|0|0|0|0|0|0|0|
782400|0|0|0|0|0|0|0|0|
782994|0|0|67513|58258|0|0|0|0|
782342|||||0|0|||
765233|0|0|0|0|0|0|0|0|
785538|90245|214508|||0|0|68851|84854|
780781|6345|3444|0|0|0|0|5500|6500|
782451|0||0||0|0|0||
781992|||||0|0||5771|
780699|0|0|0|0|0|0|0|0|
782514||0||0|0|0|5030|1800|
754952|500|500|0|0|0|0|0|0|
782434|0|0|0|0|0|0|0|0|
782308|0|0|0|0|0|0|0|0|
782741|0|0|0|0|0|0|0|0|
782418|||||0|0|1725|2159|
782475|679|469|0|0|0|0|0|0|
784438|0||0|0|0|0|0|2906|
787020|0|0|0|0|0|0|0|0|
780829||0||0||0|1365|5825|
755046|||||0|0|14604||
785464|0|0|0|0|0|0|0|0|
785183|0|0|0|0|0|0|0|0|
782302|0|4869|0||0|0|0|2053|
737299|0|0||0|0|0|378|0|
767204|0|0|0|0|0|0|0|0|
777286|0|0|0|0|0|0|0|0|
782260||||||0||364|
782574|0|0|0|0|0|0|0|25326|
783003||0||0|0|0|7157|2801|
768449|0|0|0|0|0|0|853|163|
769017|0|0|0|0|0|0|0|0|
735251|0|0|0|0|0|0|0|0|
781951|0|0|0|0|0|0|21|21965|
782002|0||0||0|0|218|441|
785265|0|0|0|0|0|0|0|0|
766067|271|0|0|0|0|0|8130|0|
766163|||||0|0|||
777393|0|0|0|0|0|0|0|0|
781890|0|0|0|0|0|0|0|0|
777395|0|0|0|0|0|0|0|0|
781898|35020|37190|||0|0|183898|208070|
779344|0|0|0|0|0|0|0|0|
777877|0|0|0|0|0|0|0|0|
773302|0|0|0|0|0|0|0|0|
776561|0|0|0|0|0|0|0|0|
777901|0|0|0|0|0|0|0|0|
785537|0|0|0|0|0|0|0|0|
787027|0|0|0|0|0|0|0|0|
782762|0|0|0|0|0|0|0|0|
782179|0||0||0|0|0||
780632|0|0|0|0|0|0|0|0|
758758|||||0|0|||
769024|0|0|3052|0|0|0|0|0|
782681|3162|7252|0|0|0|0|0|0|
783174|0|0|0|0|0|0|0|0|
780551|0|0|0|0|0|0|0|0|
785526|||||0|0||1247|
782177|0|0|0|0|0|0|0|0|
773780|0|0|33981|16991|0|0|14286|12848|
785428|||||0|0|||
